***************************
* A  Z          MASS       
***************************
  0 -1       0.000    0.000
  0  0       0.000    0.000
  0  1    1022.006    0.000
  1  0    8071.323    0.002
  1  1    7288.969    0.001
  2  1   13135.720    0.001
  3  1   14949.794    0.002
  3  2   14931.203    0.002
  4  1   26001.696  105.851
  4  2    2424.911    0.001
  4  3   25320.172  212.132
  5  1   38492.440  700.000
  5  2   11386.234   50.000
  5  3   11678.880   50.000
  6  1   41863.763  264.906
  6  2   17594.139    1.014
  6  3   14086.335    0.474
  6  4   18374.488    5.468
  7  2   26110.287   30.004
  7  3   14907.696    0.472
  7  4   15769.510    0.472
  7  5   27867.929   70.711
  8  2   31597.954    7.077
  8  3   20945.221    0.559
  8  4    4941.663    0.035
  8  5   22921.015    1.107
  8  6   35094.056   23.068
  9  2   40818.467   62.471
  9  3   24953.964    1.944
  9  4   11347.690    0.378
  9  5   12415.806    0.975
  9  6   28913.964    2.108
 10  3   33444.601   50.001
 10  4   12606.683    0.382
 10  5   12050.826    0.325
 10  6   15698.633    0.338
 10  7#  39699.0    400.0  
 11  3   40788.137   42.819
 11  4   20174.076    6.355
 11  5    8668.030    0.377
 11  6   10650.155    0.898
 11  7   24960.522  180.000
 12  4   25076.508   15.005
 12  5   13368.903    1.400
 12  6       0.0      0.0  
 12  7   17338.094    1.000
 12  8   32063.348   44.567
 13  4   35158.445   50.000
 13  5   16562.255    1.069
 13  6    3125.011    0.005
 13  7    5345.456    0.270
 13  8   23110.735    9.526
 14  4   39882.396  108.061
 14  5   23663.732   21.213
 14  6    3019.894    0.004
 14  7    2863.419    0.002
 14  8    8006.457    0.075
 14  9#  33608.0    401.0  
 15  5   28966.930   22.375
 15  6    9873.145    0.800
 15  7     101.508    0.011
 15  8    2855.457    0.503
 15  9   16777.002  133.793
 15 10#  41386.0    503.0  
 16  5#  37139.0    401.0  
 16  6   13694.119    3.578
 16  7    5682.026    2.306
 16  8   -4736.998    0.002
 16  9   10680.257    8.321
 16 10   23988.741   19.840
 17  5   43716.310  136.069
 17  6   21036.584   17.383
 17  7    7870.813   15.021
 17  8    -809.002    0.208
 17  9    1951.701    0.248
 17 10   16485.174   50.000
 17 11#  35173.0    401.0  
 18  5#  52322.0    801.0  
 18  6   24924.030   30.010
 18  7   13117.130   20.016
 18  8    -782.070    0.793
 18  9     873.429    0.593
 18 10    5319.100    4.660
 18 11#  25318.0    401.0  
 19  5#  59364.0    401.0  
 19  6   32833.383  107.707
 19  7   15860.443   16.423
 19  8    3332.161    2.946
 19  9   -1487.405    0.070
 19 10    1750.953    0.570
 19 11   12928.600   12.002
 19 12#  31950.0    298.0  
 20  6   37560.063  200.849
 20  7   21766.492   52.596
 20  8    3796.903    1.188
 20  9     -17.396    0.084
 20 10   -7041.929    0.003
 20 11    6844.859    6.662
 20 12   17570.508   27.001
 21  6#  45960.0    503.0  
 21  7   25231.909   89.365
 21  8    8061.730   12.026
 21  9     -47.580    1.801
 21 10   -5731.720    0.040
 21 11   -2184.260    0.700
 21 12   10911.659   16.416
 21 13#  26119.0    298.0  
 22  6#  52583.0    904.0  
 22  7   32080.890  195.905
 22  8    9284.340   56.927
 22  9    2793.774   12.401
 22 10   -8024.354    0.235
 22 11   -5182.243    0.449
 22 12    -396.788    1.363
 22 13#  18183.0     93.0  
 22 14#  32164.0    200.0  
 23  7#  37735.0    708.0  
 23  8   14616.373  102.174
 23  9    3329.509   79.541
 23 10   -5153.651    0.264
 23 11   -9529.501    0.244
 23 12   -5472.686    1.260
 23 13    6767.174   25.001
 23 14#  23772.0    196.0  
 24  7#  47040.0    503.0  
 24  8   18974.457  308.471
 24  9    7544.514   65.114
 24 10   -5947.529   10.003
 24 11   -8417.617    0.249
 24 12  -13933.403    0.241
 24 13     -55.063    3.941
 24 14   10754.737   19.474
 24 15#  31997.0    503.0  
 25  8#  27144.0    373.0  
 25  9   11266.384   76.705
 25 10   -2058.734   44.722
 25 11   -9357.475    1.223
 25 12  -13192.748    0.243
 25 13   -8915.764    0.708
 25 14    3825.274   10.002
 25 15#  18872.0    196.0  
 26  8#  35164.0    428.0  
 26  9   18288.165  123.965
 26 10     429.844   54.667
 26 11   -6902.482   14.369
 26 12  -16214.514    0.246
 26 13  -12210.324    0.250
 26 14   -7144.654    3.007
 26 15#  10973.0    196.0  
 26 16#  25970.0    298.0  
 27  9   25050.028  418.168
 27 10    7093.512   91.303
 27 11   -5580.894   38.180
 27 12  -14586.541    0.249
 27 13  -17196.861    0.222
 27 14  -12385.027    0.246
 27 15    -752.940   35.000
 27 16#  17507.0    203.0  
 28  9#  33226.0    512.0  
 28 10   11278.595  112.404
 28 11   -1033.559   75.743
 28 12  -15018.784    2.013
 28 13  -16850.584    0.229
 28 14  -21492.829    0.202
 28 15   -7161.054    3.755
 28 16    4073.071  160.000
 28 17#  26557.0    503.0  
 29  9#  40296.0    578.0  
 29 10   18020.589  301.522
 29 11    2618.768   88.944
 29 12  -10661.225   28.579
 29 13  -18215.536    1.220
 29 14  -21895.061    0.204
 29 15  -16951.943    0.751
 29 16   -3158.840   50.000
 29 17#  13143.0    196.0  
 30 10   22236.621  823.441
 30 11    8594.434   93.355
 30 12   -8882.232   66.860
 30 13  -15872.409   14.046
 30 14  -24432.917    0.206
 30 15  -20200.592    0.449
 30 16  -14062.768    3.003
 30 17#   4443.0    196.0  
 30 18#  20083.0    298.0  
 31 10#  30842.0    904.0  
 31 11   12663.760  164.595
 31 12   -3215.089   75.711
 31 13  -14954.217   20.344
 31 14  -22948.994    0.212
 31 15  -24441.014    0.251
 31 16  -19044.894    1.506
 31 17   -7064.458   50.001
 31 18#  11296.0    206.0  
 32 10#  37176.0    876.0  
 32 11   18303.661  481.464
 32 12    -795.599   95.708
 32 13  -11062.068   86.813
 32 14  -24080.896    2.174
 32 15  -24305.341    0.254
 32 16  -26015.943    0.138
 32 17  -13330.656    6.783
 32 18   -2179.043   50.000
 32 19#  20418.0    503.0  
 33 11   25509.891 1491.322
 33 12    5204.233  145.915
 33 13   -8504.923   65.451
 33 14  -20492.384   15.791
 33 15  -26337.689    1.098
 33 16  -26586.197    0.135
 33 17  -21003.474    0.519
 33 18   -9381.358   30.001
 33 19#   6763.0    196.0  
 34 11#  32509.0   1053.0  
 34 12    8450.922  262.661
 34 13   -2862.243   90.268
 34 14  -19956.566   14.118
 34 15  -24557.553    5.006
 34 16  -29931.810    0.127
 34 17  -24439.610    0.205
 34 18  -18378.286    3.011
 34 19#  -1481.0    298.0  
 34 20#  13153.0    298.0  
 35 11#  41153.0   1546.0  
 35 12#  16292.0    438.0  
 35 13     -58.079  140.929
 35 14  -14359.766   38.412
 35 15  -24857.617    1.872
 35 16  -28846.331    0.123
 35 17  -29013.514    0.039
 35 18  -23048.209    0.770
 35 19  -11167.108   20.002
 35 20#   4439.0     69.0  
 36 12#  20912.0    904.0  
 36 13    5916.384  270.117
 36 14  -12400.639  103.104
 36 15  -20250.844   13.114
 36 16  -30663.962    0.235
 36 17  -29521.887    0.077
 36 18  -30230.461    0.255
 36 19  -17425.100    7.785
 36 20   -6439.200   40.001
 36 21#  13898.0    503.0  
 37 13    9603.702  539.335
 37 14   -6524.192  125.381
 37 15  -18994.712   37.948
 37 16  -26896.222    0.251
 37 17  -31761.523    0.048
 37 18  -30948.042    0.305
 37 19  -24799.262    0.271
 37 20  -13160.608   22.363
 37 21#   2841.0    298.0  
 38 13#  15742.0    559.0  
 38 14   -3744.605  270.133
 38 15  -14466.100  139.724
 38 16  -26861.080    7.172
 38 17  -29797.980    0.111
 38 18  -34714.762    0.492
 38 19  -28801.684    0.725
 38 20  -22059.045    4.561
 38 21#  -4937.0    298.0  
 38 22#   9101.0    252.0  
 39 14#   2142.0    401.0  
 39 15  -12649.687  149.039
 39 16  -23161.338   50.000
 39 17  -29799.785    1.768
 39 18  -33241.837    5.008
 39 19  -33806.837    0.280
 39 20  -27276.257    1.788
 39 21  -14168.015   24.002
 39 22#   1232.0    103.0  
 40 14#   5403.0    503.0  
 40 15   -8336.870  195.614
 40 16  -22849.544  232.873
 40 17  -27557.728   32.066
 40 18  -35039.889    0.005
 40 19  -33535.017    0.271
 40 20  -34846.111    0.293
 40 21  -20526.387    4.106
 40 22   -8850.211  160.000
 40 23#  10330.0    503.0  
 41 14#  11830.0    596.0  
 41 15   -4843.768  465.747
 41 16  -18601.932  214.244
 41 17  -27339.148   64.786
 41 18  -33067.261    0.653
 41 19  -35558.873    0.261
 41 20  -35137.488    0.374
 41 21  -28642.207    0.305
 41 22# -15713.0     35.0  
 41 23#   -242.0    252.0  
 42 15#     84.0    503.0  
 42 16  -17241.951  326.023
 42 17  -24987.328  109.201
 42 18  -34422.064   40.000
 42 19  -35021.320    0.301
 42 20  -38546.768    0.378
 42 21  -32120.915    0.393
 42 22  -25120.880    5.456
 42 23#  -8169.0    196.0  
 42 24#   5990.0    298.0  
 43 15#   3083.0    503.0  
 43 16  -12482.018  838.344
 43 17  -24029.389  161.753
 43 18  -31977.614   70.123
 43 19  -36593.047    8.957
 43 20  -38408.447    0.482
 43 21  -36187.627    1.895
 43 22  -29320.315    6.906
 43 23# -18024.0    233.0  
 43 24#  -2136.0     87.0  
 44 16# -10880.0    596.0  
 44 17  -19991.058  221.299
 44 18  -32262.122   20.425
 44 19  -35810.228   35.787
 44 20  -41469.100    0.851
 44 21  -37815.816    1.802
 44 22  -37548.300    0.759
 44 23# -23846.0     84.0  
 44 24# -13535.0    130.0  
 44 25#   6399.0    503.0  
 45 16#  -4825.0    801.0  
 45 17  -18909.325  652.046
 45 18  -29719.414   60.143
 45 19  -36608.078   10.276
 45 20  -40812.543    0.896
 45 21  -41069.365    1.090
 45 22  -39006.939    1.202
 45 23  -31873.711   17.051
 45 24# -19412.0    102.0  
 45 25#  -5114.0    298.0  
 45 26#  13563.0    401.0  
 46 17# -14792.0    503.0  
 46 18  -29720.822   40.897
 46 19  -35419.016   15.563
 46 20  -43134.961    2.365
 46 21  -41758.664    1.096
 46 22  -44125.372    1.116
 46 23  -37073.963    1.499
 46 24  -29470.963   20.056
 46 25# -12370.0    112.0  
 46 26#    755.0    354.0  
 47 17# -11225.0    801.0  
 47 18  -25908.431  100.086
 47 19  -35696.970    7.997
 47 20  -42339.745    2.322
 47 21  -44331.681    2.095
 47 22  -44931.782    0.977
 47 23  -42003.963    1.119
 47 24  -34552.477   14.062
 47 25# -22263.0    158.0  
 47 26#  -6623.0    261.0  
 48 18# -23222.0    298.0  
 48 19  -32124.561   24.117
 48 20  -44214.825    4.147
 48 21  -44492.880    5.285
 48 22  -48487.050    0.977
 48 23  -44474.709    2.605
 48 24  -42815.420    7.404
 48 25# -29286.0     71.0  
 48 26# -18108.0    102.0  
 48 27#   1798.0    401.0  
 49 19  -30320.129   70.124
 49 20  -41290.129    4.164
 49 21  -46552.348    4.065
 49 22  -48558.090    0.978
 49 23  -47956.229    1.284
 49 24  -45325.554    2.568
 49 25  -37610.679   24.037
 49 26# -24582.0    158.0  
 49 27#  -9883.0    261.0  
 50 19  -25352.708  278.440
 50 20  -39571.538    9.297
 50 21  -44537.591   15.563
 50 22  -51425.898    0.979
 50 23  -49217.653    1.309
 50 24  -50254.580    1.324
 50 25  -42621.627    1.352
 50 26  -34471.637   60.015
 50 27# -17503.0    168.0  
 50 28#  -3791.0    261.0  
 51 20  -35904.669   87.616
 51 21  -43218.883   20.425
 51 22  -49726.902    1.337
 51 23  -52197.611    1.306
 51 24  -51444.879    1.313
 51 25  -48237.079    1.339
 51 26  -40217.445   15.059
 51 27# -27470.0    149.0  
 51 28# -11439.0    261.0  
 52 20  -32509.136  465.747
 52 21  -40455.933  157.669
 52 22  -49464.073    7.138
 52 23  -51437.527    1.326
 52 24  -55413.133    1.425
 52 25  -50701.276    2.360
 52 26  -48329.276   10.275
 52 27# -34316.0     65.0  
 52 28# -22654.0     84.0  
 52 29#  -2627.0    261.0  
 53 20# -27898.0    503.0  
 53 21# -37968.0    298.0  
 53 22  -46824.943  100.058
 53 23  -51844.943    3.405
 53 24  -55280.975    1.421
 53 25  -54683.962    1.456
 53 26  -50941.412    2.107
 53 27  -42639.395   18.058
 53 28# -29379.0    158.0  
 53 29# -13460.0    261.0  
 54 21  -33999.526  329.333
 54 22  -45607.901  157.669
 54 23  -49887.069   15.066
 54 24  -56928.660    1.410
 54 25  -55551.606    1.738
 54 26  -56248.548    1.330
 54 27  -48005.455    1.348
 54 28  -39206.353   50.021
 54 29# -21694.0    214.0  
 54 30#  -6567.0    401.0  
 55 21# -30301.0   1025.0  
 55 22  -41706.247  177.474
 55 23  -49147.637  100.011
 55 24  -55103.637    1.465
 55 25  -57706.727    1.369
 55 26  -57475.128    1.350
 55 27  -54023.864    1.366
 55 28  -45330.161   11.094
 55 29# -32118.0    196.0  
 55 30# -14923.0    252.0  
 56 22  -39132.057  279.448
 56 23  -46157.074  167.863
 56 24  -55288.935    9.591
 56 25  -56905.894    1.401
 56 26  -60601.342    1.373
 56 27  -56035.342    2.426
 56 28  -53899.784   11.131
 56 29# -38601.0    140.0  
 56 30# -25728.0    261.0  
 56 31#  -4741.0    261.0  
 57 22# -34046.0    931.0  
 57 23  -44277.235  208.458
 57 24  -52392.898   85.731
 57 25  -57485.197    3.331
 57 26  -60176.046    1.376
 57 27  -59339.975    1.401
 57 28  -56075.725    2.927
 57 29  -47305.518   15.712
 57 30# -32686.0    143.0  
 57 31# -16413.0    261.0  
 58 23  -40315.054  184.426
 58 24  -51894.203  160.468
 58 25  -55902.368   30.033
 58 26  -62149.179    1.400
 58 27  -59841.729    1.736
 58 28  -60223.264    1.445
 58 29  -51660.216    2.547
 58 30  -42293.364   50.021
 58 31# -23986.0    214.0  
 58 32#  -8374.0    317.0  
 59 23  -37911.800  326.023
 59 24  -47772.787  167.090
 59 25  -55473.435   28.770
 59 26  -60658.756    1.414
 59 27  -62223.905    1.429
 59 28  -61151.378    1.443
 59 29  -56351.797    1.686
 59 30  -47257.659   37.177
 59 31# -34121.0    168.0  
 59 32# -17000.0    279.0  
 60 23  -33068.032  558.896
 60 24  -46826.196  260.818
 60 25  -52774.828  187.222
 60 26  -61407.258    3.669
 60 27  -61644.513    1.430
 60 28  -64468.380    1.425
 60 29  -58341.489    2.509
 60 30  -54183.356   10.637
 60 31# -39998.0    112.0  
 60 32# -27768.0    233.0  
 60 33#  -6399.0    596.0  
 61 24  -42764.883  279.448
 61 25  -51570.376  190.673
 61 26  -58917.798   20.053
 61 27  -62895.351    1.614
 61 28  -64217.093    1.427
 61 29  -61979.999    1.818
 61 30  -56342.854   16.350
 61 31# -47348.0    196.0  
 61 32# -33729.0    298.0  
 61 33# -18052.0    596.0  
 62 24  -41172.029  372.598
 62 25  -48465.626  260.818
 62 26  -58898.205   14.549
 62 27  -61428.404   20.052
 62 28  -66742.995    1.441
 62 29  -62794.825    4.174
 62 30  -61167.782   10.140
 62 31  -51996.782   27.907
 62 32# -42243.0    140.0  
 62 33# -24964.0    298.0  
 63 25  -46751.677  279.448
 63 26  -55513.068  143.721
 63 27  -61837.326   20.053
 63 28  -65509.526    1.442
 63 29  -65576.471    1.442
 63 30  -62209.689    2.132
 63 31  -56689.689  100.023
 63 32# -46910.0    196.0  
 63 33# -33823.0    503.0  
 64 25  -43100.221  326.023
 64 26  -54901.503  223.559
 64 27  -59789.618   20.053
 64 28  -67096.209    1.454
 64 29  -65421.112    1.446
 64 30  -65999.957    1.678
 64 31  -58835.158    3.952
 64 32  -54425.158  250.031
 64 33# -39654.0    503.0  
 65 25  -40892.580  558.896
 65 26  -51288.052  279.448
 65 27  -59164.456   13.419
 65 28  -65122.896    1.468
 65 29  -67259.602    1.742
 65 30  -65908.240    1.722
 65 31  -62653.338    1.821
 65 32  -56410.988  100.014
 65 33# -47056.0    391.0  
 65 34# -32919.0    596.0  
 66 26  -50319.298  326.023
 66 27  -56052.259  272.794
 66 28  -66028.907   16.038
 66 29  -66254.208    1.745
 66 30  -68896.615    1.543
 66 31  -63721.615    3.373
 66 32  -61621.615   30.189
 66 33# -51822.0    202.0  
 66 34# -41722.0    298.0  
 67 26  -46574.693  465.747
 67 27  -55321.420  279.448
 67 28  -63742.696   19.065
 67 29  -67300.447    8.151
 67 30  -67877.447    1.559
 67 31  -66876.997    1.754
 67 32  -62654.182    4.911
 67 33  -56644.182  100.121
 67 34# -46491.0    196.0  
 68 26# -44237.0    699.0  
 68 27  -51828.318  326.023
 68 28  -63486.210   16.502
 68 29  -65542.175   45.623
 68 30  -70004.319    1.629
 68 31  -67083.219    2.023
 68 32  -66977.300    6.384
 68 33  -58877.300  100.204
 68 34# -54148.0    298.0  
 68 35# -38892.0    537.0  
 69 27  -51045.864  372.598
 69 28  -60377.955  137.912
 69 29  -65740.151    8.086
 69 30  -68415.215    1.697
 69 31  -69321.153    3.032
 69 32  -67093.868    3.081
 69 33  -63080.877   31.301
 69 34  -56297.793   34.476
 69 35# -46679.0    423.0  
 70 27# -46752.0    699.0  
 70 28  -59485.198  326.023
 70 29  -62960.568   14.529
 70 30  -69559.659    3.329
 70 31  -68904.936    3.083
 70 32  -70560.666    1.744
 70 33  -64340.666   50.030
 70 34# -61941.0    206.0  
 70 35# -51591.0    364.0  
 70 36# -40976.0    401.0  
 71 27# -44963.0    801.0  
 71 28  -55889.632  372.598
 71 29  -62764.459   35.158
 71 30  -67321.908   10.539
 71 31  -70134.641    1.852
 71 32  -69905.243    1.745
 71 33  -67892.533    4.364
 71 34# -63093.0    200.0  
 71 35# -56593.0    300.0  
 71 36# -46100.0    298.0  
 72 28  -54678.690  465.747
 72 29# -59904.0    196.0  
 72 30  -68126.236    6.120
 72 31  -68584.318    2.105
 72 32  -72585.414    1.463
 72 33  -68229.317    4.337
 72 34  -67894.290   12.094
 72 35  -59179.839  255.960
 72 36  -54139.839  268.170
 72 37# -38117.0    503.0  
 73 28# -50329.0    596.0  
 73 29# -59159.0    298.0  
 73 30  -65409.852   40.027
 73 31  -69703.700    6.334
 73 32  -71296.993    1.462
 73 33  -70956.134    3.860
 73 34  -68216.134   10.719
 73 35  -63559.711  127.318
 73 36  -56885.149  138.401
 73 37# -46261.0    482.0  
 74 28# -48726.0    699.0  
 74 29# -55824.0    401.0  
 74 30  -65709.055   47.379
 74 31  -68053.868   70.726
 74 32  -73421.868    1.462
 74 33  -70859.456    2.229
 74 34  -72212.465    1.507
 74 35  -65305.819   15.075
 74 36  -62168.072   59.424
 74 37  -51723.561  432.208
 75 28# -44162.0    801.0  
 75 29# -54576.0    503.0  
 75 30  -62468.278   70.918
 75 31  -68464.056    6.831
 75 32  -71855.765    1.464
 75 33  -73032.316    1.650
 75 34  -72168.676    1.505
 75 35  -69138.676   13.691
 75 36  -64240.115   15.479
 75 37  -57219.871    7.770
 75 38# -46649.0    298.0  
 76 28# -42178.0    904.0  
 76 29# -50738.0    596.0  
 76 30  -62042.746  120.425
 76 31  -66202.746   90.012
 76 32  -73212.746    1.474
 76 33  -72289.434    1.651
 76 34  -75251.420    1.481
 76 35  -70288.545    9.439
 76 36  -68977.218   10.622
 76 37  -60476.753    7.724
 76 38# -54390.0    298.0  
 77 28# -37204.0    997.0  
 77 29# -49108.0    699.0  
 77 30  -58603.996  134.177
 77 31  -65873.996   60.028
 77 32  -71213.996    1.834
 77 33  -73916.008    2.189
 77 34  -74598.906    1.482
 77 35  -73233.780    3.162
 77 36  -70170.066    8.771
 77 37  -64825.646    7.571
 77 38  -57973.288  150.439
 77 39# -46929.0    298.0  
 78 28# -34745.0   1099.0  
 78 29# -44861.0    801.0  
 78 30  -57221.921  161.291
 78 31  -63661.921   80.092
 78 32  -71861.921    3.831
 78 33  -72815.981    9.913
 78 34  -77025.529    1.489
 78 35  -73451.752    3.873
 78 36  -74158.218    6.603
 78 37  -66933.794    7.689
 78 38  -63171.631    7.859
 78 39# -52629.0    401.0  
 79 29# -42709.0    904.0  
 79 30# -53398.0    268.0  
 79 31  -62487.769  120.129
 79 32  -69487.769   89.616
 79 33  -73635.769    5.574
 79 34  -75917.106    1.645
 79 35  -76067.762    1.908
 79 36  -74441.984    3.841
 79 37  -70792.710    6.574
 79 38  -65474.550    8.747
 79 39  -58354.550  450.085
 80 30  -51777.103  171.277
 80 31  -59067.503  122.213
 80 32  -69447.503   23.151
 80 33  -72117.733   21.103
 80 34  -77759.185    1.881
 80 35  -75888.630    1.900
 80 36  -77892.878    3.842
 80 37  -72169.968    7.255
 80 38  -70302.006    7.859
 80 39# -61162.0    400.0  
 80 40# -55340.0    298.0  
 81 30# -46128.0    401.0  
 81 31  -57982.477  192.174
 81 32  -66302.477  120.128
 81 33  -72532.477    5.548
 81 34  -76388.862    1.974
 81 35  -77974.012    2.821
 81 36  -77693.294    2.854
 81 37  -75455.313    6.247
 81 38  -71523.653    7.859
 81 39  -66013.287   62.342
 81 40  -58853.287  296.625
 82 30# -42066.0    401.0  
 82 31# -52946.0    298.0  
 82 32  -65538.592  154.902
 82 33  -70238.592   66.291
 82 34  -77593.175    2.076
 82 35  -77495.591    2.817
 82 36  -80588.216    2.578
 82 37  -76186.834    6.952
 82 38  -76006.532    5.875
 82 39  -68190.542  102.596
 82 40  -64190.542  510.417
 82 41# -52974.0    298.0  
 83 31# -49490.0    503.0  
 83 32# -61004.0    298.0  
 83 33  -69879.824  220.030
 83 34  -75339.824    3.648
 83 35  -79008.305    4.274
 83 36  -79980.627    3.272
 83 37  -79071.005    6.030
 83 38  -76795.298    8.541
 83 39  -72329.311   39.284
 83 40  -66461.211   93.639
 83 41  -58961.211  314.274
 84 31# -44395.0    596.0  
 84 32# -58395.0    401.0  
 84 33# -66080.0    298.0  
 84 34  -75949.453   14.583
 84 35  -77775.262   25.420
 84 36  -82429.676    3.039
 84 37  -79748.423    3.143
 84 38  -80642.712    3.446
 84 39  -74232.712  170.035
 84 40# -71492.0    298.0  
 84 41# -61879.0    401.0  
 84 42# -55806.0    503.0  
 85 32# -53384.0    503.0  
 85 33# -63519.0    401.0  
 85 34  -72425.817   29.994
 85 35  -78607.817   19.252
 85 36  -81477.817    3.102
 85 37  -82164.811    2.496
 85 38  -81099.989    3.573
 85 39  -77845.389   25.452
 85 40  -73152.389  102.219
 85 41  -67152.389  224.608
 85 42# -59066.0    401.0  
 86 32# -50049.0    596.0  
 86 33# -59401.0    503.0  
 86 34  -70536.503   16.277
 86 35  -75635.503   11.997
 86 36  -83261.503    4.789
 86 37  -82744.668    2.458
 86 38  -84519.388    2.293
 86 39  -79279.388   14.327
 86 40  -77806.393   30.081
 86 41  -69828.393   85.469
 86 42# -65018.0    298.0  
 86 43# -53132.0    298.0  
 87 33# -56281.0    596.0  
 87 34  -66578.071   39.504
 87 35  -73853.071   18.318
 87 36  -80705.571    4.802
 87 37  -84592.904    2.588
 87 38  -84876.188    2.291
 87 39  -83014.582    2.667
 87 40  -79349.201    8.299
 87 41  -74180.201   60.571
 87 42  -67693.926  223.278
 87 43# -59122.0    298.0  
 88 33# -51642.0    699.0  
 88 34  -63873.667   49.528
 88 35  -70727.667   38.627
 88 36  -79687.667   14.001
 88 37  -82601.625    3.858
 88 38  -87917.499    2.294
 88 39  -84294.899    2.741
 88 40  -83625.129   10.240
 88 41# -76425.0    200.0  
 88 42  -72701.437   20.349
 88 43# -62568.0    298.0  
 89 34# -59597.0    401.0  
 89 35  -68562.546   59.925
 89 36  -76717.546   51.875
 89 37  -81703.429    6.630
 89 38  -86204.886    2.296
 89 39  -87701.528    2.389
 89 40  -84869.207    3.375
 89 41  -80579.290   35.554
 89 42  -75004.245   15.462
 89 43  -67494.245  210.568
 89 44# -59513.0    596.0  
 90 34# -56430.0    596.0  
 90 35  -64609.474   77.404
 90 36  -74959.474   19.141
 90 37  -79351.340    8.163
 90 38  -85941.128    2.772
 90 39  -86487.288    2.390
 90 40  -88769.304    2.206
 90 41  -82658.304    4.568
 90 42  -80169.304    6.072
 90 43# -71029.0    300.0  
 90 44# -65409.0    503.0  
 91 34# -50888.0    699.0  
 91 35  -61551.126   72.536
 91 36  -71353.126   57.109
 91 37  -77788.126    7.838
 91 38  -83649.183    7.008
 91 39  -86348.546    2.935
 91 40  -87892.569    2.186
 91 41  -86639.179    3.230
 91 42  -82205.415   12.402
 91 43  -75985.415  200.384
 91 44  -68580.335  500.037
 92 35  -56622.548   50.251
 92 36  -68827.452   14.237
 92 37  -74814.452   10.134
 92 38  -82919.703   11.152
 92 39  -84830.676    9.794
 92 40  -88456.006    2.179
 92 41  -86450.321    2.687
 92 42  -86806.348    3.750
 92 43  -78935.994   25.997
 92 44# -74408.0    298.0  
 92 45# -63360.0    401.0  
 93 35# -53002.0    298.0  
 93 36  -64101.988  100.755
 93 37  -72701.988   12.312
 93 38  -80161.947   13.810
 93 39  -84244.956   11.100
 93 40  -87118.839    2.178
 93 41  -87209.950    2.255
 93 42  -86804.734    3.750
 93 43  -83603.879    3.881
 93 44  -77266.879   85.089
 93 45# -69173.0    401.0  
 94 36# -61220.0    300.0  
 94 37  -68530.339   13.913
 94 38  -78837.005    7.242
 94 39  -82348.280    5.459
 94 40  -87267.555    2.380
 94 41  -86366.096    2.255
 94 42  -88411.203    1.839
 94 43  -84155.439    4.465
 94 44  -82562.546   12.790
 94 45# -72933.0    447.0  
 94 46# -66350.0    503.0  
 95 36# -56141.0    401.0  
 95 37  -65862.851   15.846
 95 38  -75158.879   12.821
 95 39  -81239.114    9.878
 95 40  -85658.867    2.367
 95 41  -86783.339    1.888
 95 42  -87708.940    1.838
 95 43  -86017.539    5.260
 95 44  -83445.078   11.922
 95 45  -78335.078  150.473
 95 46# -70151.0    401.0  
 96 36# -53263.0    596.0  
 96 37  -61226.899   19.155
 96 38  -72983.365   14.599
 96 39  -78354.626   12.596
 96 40  -85441.540    3.230
 96 41  -85605.079    3.690
 96 42  -88791.879    1.838
 96 43  -85818.644    5.463
 96 44  -86066.721    7.974
 96 45  -79620.289   12.708
 96 46  -76170.289  150.537
 96 47# -64571.0    503.0  
 97 37  -58375.181   22.880
 97 38  -68795.252   18.028
 97 39  -76261.984   10.713
 97 40  -82949.768    3.096
 97 41  -85607.829    2.616
 97 42  -87541.690    1.836
 97 43  -87221.436    4.506
 97 44  -86106.901    8.437
 97 45  -82583.901   36.348
 97 46  -77793.901  302.194
 97 47# -70794.0    401.0  
 98 37  -54265.836   30.099
 98 38  -66609.841   24.379
 98 39  -72435.819   23.062
 98 40  -81266.057   19.222
 98 41  -83527.306    5.952
 98 42  -88112.870    1.837
 98 43  -86428.851    3.787
 98 44  -88224.588    6.271
 98 45  -83167.210   11.717
 98 46  -81294.613   21.531
 98 47  -72874.613  151.537
 98 48# -67455.0    206.0  
 99 37  -50926.243  114.796
 99 38  -62173.334  123.219
 99 39  -70204.042   24.351
 99 40  -77770.778   20.004
 99 41  -82328.326   13.314
 99 42  -85966.938    1.839
 99 43  -87324.158    1.927
 99 44  -87617.675    2.009
 99 45  -85514.675   10.200
 99 46  -82149.393   17.381
 99 47  -76719.393  151.004
 99 48# -69853.0    205.0  
 99 49# -60910.0    503.0  
100 37# -46696.0    298.0  
100 38  -60220.085  127.215
100 39  -67295.085   78.637
100 40  -76605.085   35.829
100 41  -79940.085   25.666
100 42  -86185.085    5.809
100 43  -86017.235    2.171
100 44  -89219.511    2.010
100 45  -85589.511   20.101
100 46  -85226.566   11.317
100 47  -78153.094   82.850
100 48  -74263.094  108.462
100 49# -63733.0    401.0  
100 50# -56463.0    448.0  
101 37  -43598.261  166.081
101 38  -55408.261  124.430
101 39  -64913.261   95.304
101 40  -73458.261   31.349
101 41  -78943.261   18.915
101 42  -83512.261    5.813
101 43  -86336.746   24.141
101 44  -87950.268    2.040
101 45  -87408.684   17.234
101 46  -85428.684   17.692
101 47  -81224.861  104.409
101 48  -75748.323  150.936
101 49# -68409.0    298.0  
101 50# -59560.0    503.0  
102 38  -53078.260  111.170
102 39  -61893.260   86.364
102 40  -71743.260   50.584
102 41  -76348.260   40.728
102 42  -83558.260   20.827
102 43  -84568.192    9.486
102 44  -89098.535    2.040
102 45  -86775.937    4.990
102 46  -87926.395    3.229
102 47  -82003.148   54.865
102 48  -79416.148   55.445
102 49  -70515.892  327.110
102 50# -64748.0    401.0  
103 39# -58591.0    298.0  
103 40  -68374.982  108.755
103 41  -75319.982   67.843
103 42  -80849.982   60.849
103 43  -84599.982   10.130
103 44  -87259.601    2.055
103 45  -88022.859    2.829
103 46  -87479.773    2.924
103 47  -84791.830   16.699
103 48  -80649.885   15.395
103 49  -74599.885   25.239
103 50# -66946.0    298.0  
104 39# -54912.0    401.0  
104 40# -66341.0    401.0  
104 41  -72229.130  108.572
104 42  -80334.130   60.728
104 43  -82489.130   45.694
104 44  -88091.836    3.551
104 45  -86950.586    2.829
104 46  -89391.582    4.746
104 47  -85112.936    6.207
104 48  -83975.966    9.521
104 49  -76067.280  141.269
104 50  -71552.280  153.482
104 51# -59029.0    596.0  
105 40# -62364.0    401.0  
105 41  -70855.587   99.813
105 42  -77340.587   71.152
105 43  -82290.587   55.115
105 44  -85930.587    3.554
105 45  -87847.572    4.520
105 46  -88414.320    4.698
105 47  -87068.657   10.833
105 48  -84329.991   11.347
105 49  -79480.991   17.256
105 50  -73232.917   82.355
105 51# -63910.0    503.0  
106 40# -60184.0    503.0  
106 41# -66984.0    298.0  
106 42  -76257.003   21.729
106 43  -79777.003   13.533
106 44  -86324.003    7.883
106 45  -86363.403    7.880
106 46  -89904.503    4.701
106 47  -86939.223    5.298
106 48  -87133.808    6.009
106 49  -80612.476   12.770
106 50  -77428.073   50.411
106 51# -66353.0    313.0  
106 52# -58000.0    402.0  
107 41# -65037.0    401.0  
107 42  -72940.581  161.631
107 43  -79100.581  150.082
107 44  -83920.581  123.692
107 45  -86860.997   11.987
107 46  -88372.158    6.298
107 47  -88405.165    5.568
107 48  -86988.165    6.856
107 49  -83562.165   12.962
107 50  -78562.451   84.216
107 51# -70654.0    298.0  
107 52# -60519.0    302.0  
108 41# -60994.0    503.0  
108 42# -71300.0    144.0  
108 43  -75935.084  130.542
108 44  -83655.084  120.587
108 45  -85016.409  105.063
108 46  -89521.409    3.626
108 47  -87603.442    5.601
108 48  -89252.881    5.695
108 49  -84105.313   12.014
108 50  -82013.184   27.347
108 51# -72507.0    205.0  
108 52  -65685.709  153.538
108 53# -52569.0    598.0  
109 42# -67356.0    298.0  
109 43# -74867.0     96.0  
109 44  -80851.953   66.094
109 45  -85011.953   11.977
109 46  -87603.384    3.616
109 47  -88719.325    3.120
109 48  -88505.512    3.956
109 49  -86485.199    5.925
109 50  -82634.795    9.942
109 51  -76254.795   18.837
109 52  -67582.406   65.439
109 53  -57576.360  153.550
110 42# -65670.0    401.0  
110 43# -71362.0    401.0  
110 44  -80139.715  229.389
110 45  -82949.715  223.874
110 46  -88349.715   10.927
110 47  -87457.201    3.119
110 48  -90349.326    2.959
110 49  -86471.406   11.920
110 50  -85833.723   15.584
110 51# -77534.0    201.0  
110 52  -72279.993   52.760
110 53# -60347.0    309.0  
110 54# -51689.0    402.0  
111 43# -69815.0    401.0  
111 44# -76792.0    298.0  
111 45# -82288.0    205.0  
111 46  -86029.043   40.134
111 47  -88217.043    3.280
111 48  -89253.843    2.960
111 49  -88387.874    5.232
111 50  -85942.972    7.095
111 51# -80843.0    200.0  
111 52  -73474.754   71.714
111 53# -64951.0    302.0  
111 54# -54381.0    306.0  
112 43# -65913.0    503.0  
112 44# -75867.0    507.0  
112 45# -79537.0    500.0  
112 46  -86336.807   17.960
112 47  -86624.725   16.892
112 48  -90580.643    2.777
112 49  -87994.447    5.144
112 50  -88657.898    4.224
112 51  -81602.922   23.451
112 52  -77259.098  162.090
112 53# -67096.0    211.0  
112 54  -59943.683  154.042
112 55# -46292.0    366.0  
113 43# -63966.0    596.0  
113 44# -72154.0    503.0  
113 45# -78786.0    401.0  
113 46  -83693.066   38.854
113 47  -87033.066   16.870
113 48  -89049.527    2.772
113 49  -89365.366    3.298
113 50  -88329.455    3.978
113 51  -84424.015   24.369
113 52# -78324.0    201.0  
113 53  -71123.984   53.431
113 54  -62061.438   81.745
113 55  -51677.177  154.604
114 44# -70794.0    361.0  
114 45# -75594.0    301.0  
114 46  -83493.773   24.533
114 47  -84944.485   26.202
114 48  -90020.914    2.777
114 49  -88568.401    3.194
114 50  -90557.067    3.168
114 51  -84675.559  201.109
114 52# -81933.0    201.0  
114 53# -72796.0    298.0  
114 54# -66935.0    207.0  
114 55# -54565.0    305.0  
115 44# -66779.0    699.0  
115 45  -74402.969  503.706
115 46  -80402.969   60.993
115 47  -84986.969   34.930
115 48  -88090.454    2.823
115 49  -89536.112    4.191
115 50  -90031.407    2.991
115 51  -87001.407   20.222
115 52  -82362.741  107.899
115 53# -76403.0    498.0  
115 54# -68444.0    240.0  
115 55# -59677.0    426.0  
115 56# -48708.0    801.0  
116 44# -65158.0    801.0  
116 45# -71053.0    503.0  
116 46  -79952.561   53.948
116 47  -82559.561   44.837
116 48  -88719.361    3.223
116 49  -88249.098    4.269
116 50  -91523.495    2.990
116 51  -86816.069    5.894
116 52  -85316.165   92.013
116 53  -77571.016  142.643
116 54# -72911.0    246.0  
116 55  -62434.042  260.972
116 56# -54325.0    699.0  
117 45# -69536.0    699.0  
117 46# -76532.0    298.0  
117 47  -82243.270   44.849
117 48  -86425.270    3.375
117 49  -88941.446    5.251
117 50  -90396.689    2.923
117 51  -88640.070    9.408
117 52  -85105.330   19.042
117 53  -80451.624   68.517
117 54  -74005.482  179.798
117 55  -66481.780   97.103
117 56# -56962.0    648.0  
118 45# -65736.0    801.0  
118 46  -75543.855  223.920
118 47  -79643.855  100.698
118 48  -86708.536   20.258
118 49  -87228.365    7.965
118 50  -91651.675    2.885
118 51  -87995.043    4.144
118 52  -87717.303   15.853
118 53  -80672.747   78.306
118 54  -77728.062 1000.251
118 55  -68428.062   22.406
118 56# -62000.0    503.0  
118 57# -49844.0    801.0  
119 45# -63938.0    904.0  
119 46# -72023.0    298.0  
119 47  -78554.956   72.329
119 48  -83904.956   60.261
119 49  -87701.604    7.501
119 50  -90065.593    2.819
119 51  -89471.797    8.156
119 52  -87178.786    8.396
119 53  -83665.239   63.409
119 54  -78663.618  123.469
119 55  -72335.745   24.402
119 56  -64239.093 1020.050
119 57# -54818.0    801.0  
120 46# -70766.0    401.0  
120 47  -75773.030  101.750
120 48  -83973.030   18.792
120 49  -85731.461   40.080
120 50  -91101.461    2.534
120 51  -88420.861    7.576
120 52  -89398.860   10.410
120 53  -83783.860   18.258
120 54  -81823.860   43.970
120 55  -73901.979   21.098
120 56  -68901.979  300.741
120 57# -57687.0    801.0  
121 46# -66900.0    503.0  
121 47  -74547.293  194.044
121 48  -80947.293  152.490
121 49  -85837.293   27.442
121 50  -89200.924    2.507
121 51  -89589.004    2.406
121 52  -88552.741   25.236
121 53  -86281.936   11.234
121 54  -82549.560   23.985
121 55  -77149.560   13.239
121 56  -70334.891  303.205
121 57# -62401.0    699.0  
121 58# -52471.0    904.0  
122 47# -71427.0    205.0  
122 48# -80574.0    205.0  
122 49  -83575.387   50.073
122 50  -89943.978    2.699
122 51  -88324.278    2.421
122 52  -90302.898    2.696
122 53  -86068.898    5.681
122 54  -85174.435   87.067
122 55  -78119.721   14.638
122 56# -74277.0    298.0  
122 57# -64543.0    596.0  
122 58# -57743.0    904.0  
123 47# -69955.0    298.0  
123 48  -77312.611   40.426
123 49  -83427.611   23.351
123 50  -87818.646    2.684
123 51  -89222.237    2.004
123 52  -89170.927    1.862
123 53  -87928.757    3.916
123 54  -85252.757   15.503
123 55  -81052.509   11.529
123 56# -75591.0    298.0  
123 57# -68707.0    503.0  
123 58# -60072.0    801.0  
124 47# -66574.0    401.0  
124 48  -76710.219   62.641
124 49  -80876.219   49.020
124 50  -88236.219    1.392
124 51  -87618.365    2.003
124 52  -90523.735    1.489
124 53  -87364.148    2.382
124 54  -87657.818    1.955
124 55  -81740.825   11.451
124 56  -79094.331   14.306
124 57# -70300.0    401.0  
124 58# -64720.0    699.0  
124 59# -53021.0    904.0  
125 48  -73320.861   49.836
125 49  -80479.861   25.191
125 50  -85897.895    1.497
125 51  -88261.653    2.840
125 52  -89028.353    1.889
125 53  -88842.253    1.912
125 54  -87189.783    1.995
125 55  -84097.652    8.924
125 56  -79537.652  250.159
125 57# -73895.0    298.0  
125 58# -66565.0    596.0  
125 59# -57809.0    801.0  
126 48  -72326.894   54.143
126 49  -77812.894   40.441
126 50  -86019.894   10.698
126 51  -86397.894   31.850
126 52  -90070.853    1.879
126 53  -87915.596    3.874
126 54  -89173.596    6.325
126 55  -84348.014   11.001
126 56  -82675.264   14.306
126 57# -75106.0    298.0  
126 58# -70700.0    503.0  
126 59# -60258.0    699.0  
127 48  -68526.088   74.445
127 49  -76994.088   39.661
127 50  -83508.088   24.739
127 51  -86709.088    6.001
127 52  -88290.088    3.319
127 53  -88987.740    3.684
127 54  -88325.410    4.165
127 55  -86244.675    8.255
127 56  -82794.675  100.340
127 57# -78096.0    224.0  
127 58# -71958.0    401.0  
127 59# -64431.0    596.0  
127 60# -55424.0    904.0  
128 48  -67290.422  294.042
128 49  -74360.422   48.590
128 50  -83336.022   27.220
128 51  -84609.955   25.063
128 52  -88993.515    1.776
128 53  -87742.487    3.685
128 54  -89860.703    1.422
128 55  -85930.606    5.430
128 56  -85409.434   11.238
128 57  -78759.434  400.158
128 58# -75572.0    298.0  
128 59# -66322.0    503.0  
128 60# -60184.0    801.0  
129 49  -72974.890  126.027
129 50  -80629.890  121.897
129 51  -84625.890   21.421
129 52  -87005.390    2.979
129 53  -88503.339    3.286
129 54  -88696.957    0.846
129 55  -87501.485    4.627
129 56  -85068.213   10.844
129 57  -81348.213   51.162
129 58# -76298.0    206.0  
129 59# -69992.0    401.0  
129 60# -62168.0    801.0  
130 49  -69993.398   47.336
130 50  -80242.398   28.226
130 51  -82392.771   25.075
130 52  -87352.771    1.943
130 53  -86932.346    3.286
130 54  -89880.861    1.051
130 55  -86897.975    8.353
130 56  -87270.797    6.891
130 57# -81673.0    205.0  
130 58# -79466.0    205.0  
130 59# -71371.0    298.0  
130 60# -66341.0    699.0  
130 61# -55470.0    801.0  
131 49  -68199.148   79.956
131 50  -77383.148   72.829
131 51  -82021.148   70.029
131 52  -85211.148    2.007
131 53  -87443.907    1.754
131 54  -88414.754    1.646
131 55  -88063.119    5.434
131 56  -86692.974    6.892
131 57  -83732.974  100.237
131 58  -79712.974  412.368
131 59  -74462.974  438.802
131 60  -67902.974  463.732
131 61# -59802.0    801.0  
132 49  -63020.402  400.842
132 50  -76620.402   25.971
132 51  -79923.402   55.050
132 52  -85209.402   11.424
132 53  -85702.402   10.701
132 54  -89279.402    1.417
132 55  -87159.866    3.373
132 56  -88439.340    3.238
132 57  -83731.340   44.838
132 58# -82447.0    196.0  
132 59# -75339.0    205.0  
132 60# -71613.0    503.0  
132 61# -61711.0    699.0  
133 50  -71126.443  103.663
133 51  -78956.443   76.459
133 52  -82959.443   75.346
133 53  -85877.443   26.019
133 54  -87648.031    3.899
133 55  -88075.391    3.073
133 56  -87557.946    3.219
133 57  -85327.946  200.026
133 58# -82391.0    196.0  
133 59# -78059.0    205.0  
133 60# -72461.0    401.0  
133 61# -65465.0    596.0  
133 62# -57073.0    801.0  
134 50# -67226.0    298.0  
134 51  -73977.206  155.288
134 52  -82394.447  108.170
134 53  -83954.447   60.006
134 54  -88124.447    0.845
134 55  -86895.608    3.073
134 56  -88954.283    3.082
134 57  -85241.106   25.909
134 58  -84741.106  201.671
134 59# -78534.0    196.0  
134 60# -75764.0    247.0  
134 61# -66881.0    503.0  
134 62# -61460.0    699.0  
135 51  -69705.260  105.099
135 52  -77825.260   92.443
135 53  -83787.260   23.362
135 54  -86435.366    9.988
135 55  -87586.325    3.230
135 56  -87854.931    3.082
135 57  -86654.931   10.464
135 58  -84629.348   11.458
135 59  -80909.348  150.437
135 60# -76159.0    205.0  
135 61# -70141.0    401.0  
135 62# -63016.0    596.0  
135 63# -54287.0    801.0  
136 51# -65083.0    298.0  
136 52  -74423.090   48.717
136 53  -79497.900   50.157
136 54  -86424.088    7.166
136 55  -86343.124    3.599
136 56  -88891.348    3.082
136 57  -86021.348   70.068
136 58  -86494.517   47.758
136 59  -81368.170   51.046
136 60  -79157.170   56.839
136 61  -71307.170  207.920
136 62# -66788.0    503.0  
136 63# -56355.0    699.0  
137 52  -69559.166  122.473
137 53  -76500.765   27.773
137 54  -82378.225    7.171
137 55  -86550.155    3.087
137 56  -87725.786    3.082
137 57  -87125.994   47.786
137 58  -85903.894   47.759
137 59  -83201.894   48.795
137 60  -79511.894   72.780
137 61# -73932.0    165.0  
137 62# -67878.0    401.0  
137 63# -60351.0    596.0  
137 64# -51558.0    699.0  
138 52# -65931.0    205.0  
138 53  -72299.158   79.188
138 54  -80119.158   37.023
138 55  -82893.158    9.524
138 56  -88266.183    3.083
138 57  -86528.699    4.163
138 58  -87573.187   10.563
138 59  -83136.187   14.546
138 60# -82036.0    201.0  
138 61# -75136.0    447.0  
138 62# -71222.0    298.0  
138 63# -61991.0    503.0  
138 64# -55918.0    596.0  
139 53  -68842.600   31.223
139 54  -75648.600   21.115
139 55  -80705.622    4.383
139 56  -84918.291    3.083
139 57  -87235.392    3.273
139 58  -86957.392    7.727
139 59  -84828.392    8.289
139 60  -82041.892   36.314
139 61  -77519.892   50.978
139 62  -72059.892  117.681
139 63# -65382.0    401.0  
139 64# -57678.0    503.0  
139 65# -48410.0    699.0  
140 53# -64236.0    214.0  
140 54  -72999.132   61.027
140 55  -77059.132   11.146
140 56  -83277.799    8.762
140 57  -84325.040    3.272
140 58  -88086.942    3.132
140 59  -84698.942    6.768
140 60  -84476.765   19.192
140 61  -78388.144   41.805
140 62# -75368.0    204.0  
140 63# -66968.0    449.0  
140 64# -61508.0    601.0  
140 65# -50708.0   1001.0  
141 53# -60482.0    298.0  
141 54  -68321.121   90.856
141 55  -74471.121   12.443
141 56  -79726.231   10.224
141 57  -82942.178    4.991
141 58  -85444.240    3.121
141 59  -86024.945    3.081
141 60  -84202.005    4.165
141 61  -80486.974   24.157
141 62  -75943.933   12.148
141 63  -70393.933  100.735
141 64# -63146.0    298.0  
141 65# -54809.0    596.0  
141 66# -45466.0    699.0  
142 54  -65478.338  100.813
142 55  -70518.338   12.780
142 56  -77824.704    7.203
142 57  -80036.793    6.317
142 58  -84541.857    3.497
142 59  -83796.682    3.080
142 60  -85958.940    2.884
142 61  -81085.276   42.521
142 62  -78987.170   15.375
142 63  -71627.170   96.106
142 64# -67127.0    315.0  
142 65# -57067.0    768.0  
142 66# -50167.0    793.0  
143 54# -60398.0    224.0  
143 55  -67705.214   18.655
143 56  -73947.786   12.992
143 57  -78191.120   15.295
143 58  -81615.641    3.493
143 59  -83077.215    3.151
143 60  -84011.203    2.883
143 61  -82969.766    3.707
143 62  -79526.846    4.123
143 63  -74358.443   36.499
143 64  -68351.043  203.304
143 65# -60957.0    401.0  
143 66# -52192.0    503.0  
143 67# -42159.0    699.0  
144 54# -57250.0    317.0  
144 55  -63315.605   24.553
144 56  -71780.156   13.677
144 57  -74899.450   55.946
144 58  -80440.731    3.842
144 59  -80759.386    3.751
144 60  -83756.901    2.883
144 61  -81425.149    3.614
144 62  -81975.345    3.374
144 63  -75646.507   21.406
144 64# -71907.0    201.0  
144 65# -62988.0    298.0  
144 66# -56756.0    401.0  
144 67# -45000.0    596.0  
145 55  -60163.816   39.576
145 56  -68050.620   52.896
145 57  -72982.290   66.767
145 58  -77098.961   39.505
145 59  -79635.698    7.635
145 60  -81441.044    2.906
145 61  -81277.843    3.571
145 62  -80661.112    3.380
145 63  -78000.949    4.330
145 64  -72946.466   36.494
145 65  -66438.466  125.427
145 66# -58718.0    236.0  
145 67# -49611.0    596.0  
145 68# -39262.0    699.0  
146 55  -55662.517   65.021
146 56  -65038.967   66.894
146 57  -69157.045   66.513
146 58  -75703.691   61.287
146 59  -76738.817   55.846
146 60  -80934.972    2.907
146 61  -79463.019    5.020
146 62  -81005.019    4.024
146 63  -77127.179    7.194
146 64  -76097.046    5.233
146 65  -68022.046  106.195
146 66  -62862.046  145.868
146 67# -52182.0    503.0  
146 68# -44758.0    596.0  
146 69# -30846.0    699.0  
147 55  -52231.790  101.646
147 56  -61485.028   92.265
147 57  -67235.028   77.542
147 58  -72180.028   54.660
147 59  -75470.028   37.253
147 60  -78155.718    2.908
147 61  -79051.802    2.950
147 62  -79275.948    2.951
147 63  -77554.477    3.652
147 64  -75366.722    3.605
147 65  -70755.273   12.108
147 66  -64382.726   52.848
147 67# -56234.0    401.0  
147 68# -47134.0    503.0  
147 69# -36408.0    596.0  
148 55  -47523.078  357.506
148 56  -58047.965  140.913
148 57  -63162.965  127.501
148 58  -70425.318  116.773
148 59  -72485.318  219.114
148 60  -77417.318    3.312
148 61  -76877.943    6.699
148 62  -79346.155    2.964
148 63  -76238.821   17.572
148 64  -76279.221    3.374
148 65  -70586.150   30.317
148 66  -67908.150   31.924
148 67# -58508.0    271.0  
148 68# -51754.0    401.0  
148 69# -39756.0    699.0  
148 70# -30497.0    801.0  
149 55# -44209.0    298.0  
149 56# -53961.0    401.0  
149 57# -61292.0    298.0  
149 58  -66797.757   75.749
149 59  -70987.757   10.628
149 60  -74384.678    3.314
149 61  -76075.429    4.491
149 62  -77146.460    2.979
149 63  -76454.289    5.363
149 64  -75134.804    4.628
149 65  -71498.704    4.869
149 66  -67686.704   11.122
149 67  -61673.015   21.646
149 68# -53939.0    471.0  
149 69# -44367.0    596.0  
149 70# -33683.0    699.0  
150 56# -50711.0    503.0  
150 57# -57156.0    401.0  
150 58  -64993.274  120.470
150 59  -68003.274   80.081
150 60  -73693.274    3.598
150 61  -73606.794   20.216
150 62  -77060.794    2.947
150 63  -74800.139    7.035
150 64  -75771.321    6.972
150 65  -71114.921    8.296
150 66  -69321.003    5.457
150 67# -62081.0    100.0  
150 68# -57973.0    101.0  
150 69# -47143.0    503.0  
150 70# -39011.0    596.0  
150 71# -25124.0    699.0  
151 57# -54641.0    503.0  
151 58# -61460.0    298.0  
151 59  -66786.381   75.087
151 60  -70956.381    3.604
151 61  -73398.814    5.595
151 62  -74585.912    2.947
151 63  -74662.664    2.960
151 64  -74198.498    4.030
151 65  -71633.147    4.877
151 66  -68762.259    4.470
151 67  -63634.615   12.191
151 68# -58414.0    298.0  
151 69# -50884.0    359.0  
151 70# -41684.0    317.0  
151 71# -30683.0    612.0  
152 58# -59047.0    401.0  
152 59# -63463.0    298.0  
152 60  -70157.449   30.215
152 61  -71267.604   71.775
152 62  -74772.175    2.969
152 63  -72898.064    2.960
152 64  -74716.225    3.030
152 65  -70726.225   40.115
152 66  -70127.540    5.509
152 67  -63653.833   30.347
152 68  -60548.818   31.965
152 69# -51884.0    298.0  
152 70# -46419.0    356.0  
152 71# -34074.0    699.0  
153 58# -54995.0    503.0  
153 59# -61544.0    298.0  
153 60# -67068.0    205.0  
153 61  -70668.192   15.907
153 62  -72568.580    2.978
153 63  -73377.021    2.962
153 64  -72892.236    3.012
153 65  -71321.919    4.880
153 66  -69151.348    4.949
153 67  -65022.678    7.082
153 68  -60459.109   11.222
153 69  -54000.018   21.688
153 70# -47311.0    298.0  
153 71# -38480.0    596.0  
154 59# -57697.0    401.0  
154 60# -65614.0    298.0  
154 61  -68410.765  108.762
154 62  -72464.834    3.024
154 63  -71747.690    2.969
154 64  -73716.200    3.000
154 65  -70154.200   50.090
154 66  -70399.776    8.658
154 67  -64648.388    9.055
154 68  -62616.514    6.063
154 69# -54563.0    112.0  
154 70# -50074.0    101.0  
154 71# -39961.0    503.0  
154 72# -33301.0    699.0  
155 59# -55340.0    503.0  
155 60# -62010.0    401.0  
155 61# -67030.0    205.0  
155 62  -70200.711    3.039
155 63  -71827.761    2.993
155 64  -72080.004    3.001
155 65  -71258.836   12.208
155 66  -69164.336   12.060
155 67  -66062.336   23.355
155 68  -62218.848   50.199
155 69  -56640.403   13.774
155 70# -50652.0    298.0  
155 71# -42688.0    363.0  
155 72# -34689.0    596.0  
156 60# -60109.0    503.0  
156 61  -64216.663   36.292
156 62  -69371.663    9.595
156 63  -70093.954    5.894
156 64  -72545.051    3.002
156 65  -70100.655    4.690
156 66  -70534.262    6.741
156 67# -65474.0    200.0  
156 68# -64104.0    250.0  
156 69  -56885.322   58.489
156 70  -53312.361   32.779
156 71# -43866.0    302.0  
156 72# -37961.0    356.0  
156 73# -26371.0    596.0  
157 60# -56057.0    596.0  
157 61# -62224.0    298.0  
157 62  -66771.230  200.099
157 63  -69471.230    6.287
157 64  -70833.773    3.003
157 65  -70773.720    3.015
157 66  -69432.321    6.822
157 67  -66892.321   50.463
157 68  -63422.321   94.586
157 69  -58942.321  137.646
157 70  -53411.869   51.244
157 71  -46479.226   21.902
157 72# -39004.0    302.0  
157 73# -29673.0    598.0  
158 61# -58973.0    401.0  
158 62# -65270.0    205.0  
158 63  -67214.698   76.881
158 64  -70699.780    3.004
158 65  -69479.803    3.049
158 66  -70416.556    3.683
158 67  -66179.989   26.176
158 68# -65280.0    103.0  
158 69# -58750.0    144.0  
158 70  -56020.976    9.944
158 71# -47348.0    123.0  
158 72# -42245.0    101.0  
158 73# -31328.0    505.0  
158 74# -24276.0    699.0  
159 61# -56542.0    494.0  
159 62# -62224.0    298.0  
159 63  -66057.251    8.049
159 64  -68571.743    3.007
159 65  -69542.331    3.007
159 66  -69176.724    3.169
159 67  -67339.124    4.152
159 68  -64570.624    4.609
159 69  -60720.624  100.106
159 70  -55670.624  223.654
159 71  -49682.692   51.863
159 72# -43004.0    302.0  
159 73# -34517.0    366.0  
159 74# -25821.0    598.0  
160 62# -60286.0    401.0  
160 63# -63372.0    200.0  
160 64  -67951.801    3.046
160 65  -67846.186    3.020
160 66  -69681.537    3.058
160 67  -66390.037   11.039
160 68  -66062.363   51.138
160 69  -60172.363  112.317
160 70# -58162.0    206.0  
160 71# -50282.0    229.0  
160 72  -45984.784   32.914
160 73# -35896.0    306.0  
160 74# -29464.0    356.0  
160 75# -17247.0    596.0  
161 62# -56802.0    503.0  
161 63# -61777.0    298.0  
161 64  -65515.878    3.206
161 65  -67471.478    3.058
161 66  -68064.578    3.058
161 67  -67205.799    3.610
161 68  -65203.131    9.516
161 69  -62039.131   89.947
161 70# -57889.0    219.0  
161 71# -52589.0    241.0  
161 72  -46265.260   71.596
161 73  -38774.415   54.586
161 74# -30656.0    306.0  
161 75# -20809.0    600.0  
162 63# -58647.0    401.0  
162 64  -64290.476    4.870
162 65  -65684.417   36.492
162 66  -68190.202    3.058
162 67  -66050.040    4.246
162 68  -66345.538    3.760
162 69  -61536.147   37.874
162 70# -59848.0    205.0  
162 71# -52628.0    228.0  
162 72  -49179.079   11.462
162 73# -39916.0    132.0  
162 74# -34146.0    101.0  
162 75# -22629.0    508.0  
162 76# -15072.0    700.0  
163 63# -56532.0    503.0  
163 64# -61488.0    298.0  
163 65  -64604.686    5.036
163 66  -66389.810    3.058
163 67  -66387.234    3.058
163 68  -65177.174    5.460
163 69  -62738.174    6.230
163 70  -59368.174  100.194
163 71  -54768.174  223.694
163 72# -49318.0    319.0  
163 73  -42508.758   72.040
163 74# -35059.0    306.0  
163 75# -26025.0    370.0  
163 76# -16722.0    600.0  
164 64# -59746.0    401.0  
164 65  -62086.569  100.047
164 66  -65976.569    3.059
164 67  -64989.854    3.214
164 68  -65952.319    3.405
164 69  -61990.319   20.288
164 70# -60994.0    102.0  
164 71# -54744.0    136.0  
164 72# -51770.0    196.0  
164 73# -43249.0    401.0  
164 74  -38281.123   32.983
164 75# -27548.0    310.0  
164 76# -20561.0    357.0  
165 64# -56467.0    503.0  
165 65# -60659.0    298.0  
165 66  -63621.135    3.061
165 67  -64907.331    3.002
165 68  -64531.048    3.417
165 69  -62938.543    3.650
165 70  -60176.543   20.330
165 71  -56256.543   82.543
165 72# -51661.0    374.0  
165 73# -45813.0    222.0  
165 74  -38808.549   87.327
165 75  -30691.586   74.025
165 76# -21914.0    310.0  
166 65# -57706.0    401.0  
166 66  -62593.312    3.087
166 67  -63079.648    3.002
166 68  -64934.121    2.959
166 69  -61894.121   11.482
166 70  -61590.473    8.303
166 71  -56110.473  160.215
166 72# -53794.0    298.0  
166 73# -46137.0    298.0  
166 74  -41897.667   12.140
166 75# -31854.0    142.0  
166 76# -25591.0    102.0  
166 77# -13501.0    510.0  
167 65# -55843.0    503.0  
167 66  -59942.224   60.277
167 67  -62292.224    5.770
167 68  -63298.921    2.949
167 69  -62550.623    3.121
167 70  -60596.333    4.891
167 71  -57466.333  100.120
167 72# -53468.0    205.0  
167 73# -48464.0    435.0  
167 74# -42224.0    315.0  
167 75# -34841.0    133.0  
167 76# -26655.0    310.0  
167 77# -17057.0    373.0  
168 66# -58470.0    298.0  
168 67  -60084.360   28.886
168 68  -62998.672    2.951
168 69  -61319.641    3.303
168 70  -61576.648    4.465
168 71  -57101.648   80.124
168 72# -55303.0    102.0  
168 73# -48633.0    368.0  
168 74# -44839.0    196.0  
168 75# -35761.0    401.0  
168 76  -30037.482   33.126
168 77# -18712.0    314.0  
168 78# -11146.0    358.0  
169 66  -55606.471  300.682
169 67  -58806.471   20.243
169 68  -60930.476    2.961
169 69  -61281.692    2.935
169 70  -60372.548    4.463
169 71  -58079.548    5.378
169 72  -54810.182   82.249
169 73# -50375.0    205.0  
169 74# -44936.0    315.0  
169 75# -38350.0    205.0  
169 76  -30666.038  100.628
169 77  -21990.875   89.329
169 78# -12649.0    314.0  
170 67  -56247.988   50.098
170 68  -60117.988    3.125
170 69  -59803.633    2.962
170 70  -60771.664    2.913
170 71  -57312.526   18.797
170 72# -56216.0    196.0  
170 73# -50217.0    196.0  
170 74# -47238.0    470.0  
170 75# -38971.0    404.0  
170 76  -33932.307   12.722
170 77# -23256.0    150.0  
170 78# -16462.0    102.0  
171 67  -54528.197  600.008
171 68  -57728.197    3.141
171 69  -59218.709    2.978
171 70  -59315.138    2.830
171 71  -57836.302    3.155
171 72# -55433.0    196.0  
171 73# -51735.0    205.0  
171 74# -47162.0    279.0  
171 75# -41492.0    344.0  
171 76# -34429.0    311.0  
171 77# -26257.0    133.0  
171 78# -17623.0    314.0  
172 68  -56492.794    4.849
172 69  -57383.342    6.151
172 70  -59263.534    2.823
172 71  -56744.282    3.328
172 72  -56394.282   50.111
172 73  -51474.282  186.845
172 74# -48974.0    274.0  
172 75# -41648.0    309.0  
172 76# -37187.0    196.0  
172 77# -27346.0    401.0  
172 78  -21148.025   33.379
172 79#  -9187.0    373.0  
173 68# -53663.0    196.0  
173 69  -56261.676    5.290
173 70  -57559.778    2.803
173 71  -56888.979    2.833
173 72# -55284.0    102.0  
173 73# -52494.0    225.0  
173 74# -48494.0    375.0  
173 75# -43722.0    450.0  
173 76# -37454.0    311.0  
173 77# -30080.0    228.0  
173 78  -21888.164  112.365
173 79  -12669.164  102.370
174 68# -52117.0    298.0  
174 69  -53873.053   44.809
174 70  -56953.053    2.803
174 71  -55578.722    2.805
174 72  -55850.952    3.281
174 73  -52005.952   80.067
174 74# -50152.0    298.0  
174 75# -43675.0    413.0  
174 76# -39941.0    470.0  
174 77# -30922.0    404.0  
174 78  -25323.850   13.521
174 79# -14049.0    150.0  
174 80#  -6817.0    143.0  
175 69  -52319.061   50.078
175 70  -54704.061    2.803
175 71  -55174.098    2.619
175 72  -54488.343    3.305
175 73# -52490.0    102.0  
175 74# -49583.0    196.0  
175 75# -45277.0    451.0  
175 76# -40024.0    302.0  
175 77# -33447.0    351.0  
175 78# -25825.0    311.0  
175 79# -17054.0    133.0  
175 80#  -8159.0    318.0  
176 69# -49617.0    200.0  
176 70  -53496.934    2.937
176 71  -53390.757    2.617
176 72  -54582.439    2.856
176 73  -51472.439  100.041
176 74# -50683.0    196.0  
176 75# -45112.0    196.0  
176 76# -41948.0    196.0  
176 77# -33986.0    305.0  
176 78# -28876.0    196.0  
176 79# -18379.0    401.0  
176 80  -11798.518   34.912
176 81#    638.0    478.0  
177 69# -47804.0    298.0  
177 70  -50992.411    3.172
177 71  -52391.659    2.599
177 72  -52889.879    2.547
177 73  -51723.879    3.936
177 74# -49723.0    298.0  
177 75# -46323.0    196.0  
177 76# -41850.0    279.0  
177 77# -36170.0    448.0  
177 78# -29386.0    311.0  
177 79# -21229.0    228.0  
177 80  -12724.844  122.988
177 81#  -2904.0    225.0  
178 70  -49701.109   10.422
178 71  -50345.743    3.209
178 72  -52444.878    2.540
178 73  -50532.878  100.531
178 74  -50441.578  100.551
178 75  -45781.578  206.181
178 76  -43446.848  202.695
178 77# -36250.0    362.0  
178 78# -31942.0    470.0  
178 79# -22379.0    401.0  
178 80  -16320.917   14.849
178 81#  -4444.0    212.0  
178 82#   3448.0    207.0  
179 70# -46714.0    298.0  
179 71  -49067.272    5.644
179 72  -50472.587    2.540
179 73  -50362.160    5.587
179 74  -49302.539   15.730
179 75  -46592.539   52.416
179 76# -42914.0    239.0  
179 77# -38052.0    404.0  
179 78# -32318.0    298.0  
179 79# -24941.0    351.0  
179 80# -16969.0    311.0  
179 81#  -7769.0    174.0  
179 82#   2036.0    334.0  
180 71  -46686.491   70.757
180 72  -49789.491    2.557
180 73  -48935.540    3.169
180 74  -49643.465    4.735
180 75  -45841.157   33.617
180 76# -44375.0    179.0  
180 77# -37958.0    298.0  
180 78# -34266.0    196.0  
180 79# -25713.0    302.0  
180 80# -20193.0    196.0  
180 81#  -9135.0    448.0  
180 82#  -1924.0     61.0  
181 71# -44926.0    298.0  
181 72  -47413.845    2.624
181 73  -48441.203    2.904
181 74  -48253.335    5.311
181 75  -46514.754   14.278
181 76# -43585.0    224.0  
181 77# -39516.0    238.0  
181 78# -34292.0    275.0  
181 79# -27993.0    448.0  
181 80# -20674.0    311.0  
181 81# -12204.0    377.0  
181 82   -2925.633  132.763
182 72  -46059.666    6.522
182 73  -46432.839    2.906
182 74  -48246.436    2.864
182 75  -45446.436  102.021
182 76  -44538.436   25.164
182 77  -38929.000  144.204
182 78  -36079.325  201.979
182 79# -28299.0    362.0  
182 80# -23519.0    470.0  
182 81# -13404.0    401.0  
182 82   -6819.888   17.113
183 72  -43285.696   30.141
183 73  -45295.696    2.913
183 74  -46365.819    2.755
183 75  -45809.819    8.461
183 76# -43678.0    102.0  
183 77# -40228.0    143.0  
183 78# -35650.0    233.0  
183 79# -30161.0    401.0  
183 80# -23854.0    298.0  
183 81# -16208.0    401.0  
183 82#  -7517.0    307.0  
184 72  -41500.235   39.794
184 73  -42840.235   26.146
184 74  -45706.235    2.757
184 75  -44223.507    5.262
184 76  -44254.754    2.975
184 77  -39692.754  270.016
184 78# -37360.0    178.0  
184 79# -30233.0    302.0  
184 80# -26179.0    196.0  
184 81# -16990.0    298.0  
184 82# -10993.0    196.0  
185 73  -41396.650   14.410
185 74  -43388.650    2.765
185 75  -43821.665    2.805
185 76  -42808.875    2.840
185 77# -40436.0    196.0  
185 78# -36618.0    230.0  
185 79# -31911.0    233.0  
185 80# -26089.0    275.0  
185 81# -19468.0    401.0  
185 82# -11569.0    307.0  
185 83#  -1779.0    427.0  
186 73  -38610.601   60.071
186 74  -42511.601    2.910
186 75  -41930.012    2.844
186 76  -42999.544    2.887
186 77  -39168.544   20.207
186 78  -37789.499   32.386
186 79  -31748.935  144.209
186 80  -28448.610  201.979
186 81# -19983.0    365.0  
186 82# -14624.0    470.0  
186 83#  -3279.0    448.0  
187 73# -36878.0    298.0  
187 74  -39906.994    2.909
187 75  -41218.170    2.789
187 76  -41220.833    2.789
187 77  -39718.424    6.616
187 78# -36610.0    157.0  
187 79# -33010.0    152.0  
187 80# -28145.0    239.0  
187 81# -22197.0    401.0  
187 82# -15034.0    298.0  
187 83#  -6094.0    404.0  
188 74  -38669.447    4.107
188 75  -39018.447    2.805
188 76  -41138.803    2.789
188 77  -38329.434    7.393
188 78  -37822.932    5.927
188 79# -32523.0    100.0  
188 80# -30225.0    177.0  
188 81# -22430.0    224.0  
188 82# -17642.0    196.0  
188 83#  -7291.0    299.0  
189 74  -35478.878  200.193
189 75  -37978.878    8.789
189 76  -38988.111    2.801
189 77  -38455.739   12.955
189 78  -36485.202   11.414
189 79# -33635.0    200.0  
189 80# -29685.0    283.0  
189 81# -24509.0    347.0  
189 82# -17810.0    270.0  
189 83#  -9774.0    401.0  
190 74  -34287.789  161.507
190 75  -35557.789  145.549
190 76  -38708.377    2.831
190 77  -36708.377  200.020
190 78  -37325.238    6.161
190 79  -32883.238   16.216
190 80# -31409.0    150.0  
190 81# -24409.0    427.0  
190 82  -20325.996  202.031
190 83# -10695.0    365.0  
190 84#  -4556.0    470.0  
191 75  -34350.504   10.598
191 76  -36395.720    2.832
191 77  -36709.467    2.887
191 78  -35690.821    4.708
191 79  -33860.821   50.221
191 80  -30680.821   86.152
191 81# -26188.0    218.0  
191 82# -20307.0    214.0  
191 83# -12991.0    401.0  
191 84#  -5139.0    299.0  
192 75# -31708.0    196.0  
192 76  -35882.387    3.511
192 77  -34836.227    2.888
192 78  -36295.913    3.414
192 79  -32779.572   15.986
192 80# -32068.0    723.0  
192 81# -25948.0    694.0  
192 82# -22579.0    177.0  
192 83# -13629.0    224.0  
192 84#  -7898.0    196.0  
193 75# -30301.0    196.0  
193 76  -33396.198    3.580
193 77  -34536.752    2.889
193 78  -34480.115    2.900
193 79  -33411.603    9.472
193 80  -31071.295   19.148
193 81# -27432.0    165.0  
193 82# -22281.0    186.0  
193 83# -15779.0    347.0  
193 84#  -8289.0    275.0  
194 76  -32435.665    3.525
194 77  -32532.265    2.903
194 78  -34779.168    2.949
194 79  -32287.133   11.525
194 80  -32247.133   23.083
194 81# -26965.0    172.0  
194 82# -24247.0    149.0  
194 83# -16066.0    427.0  
194 84  -10914.090  202.057
194 85#   -770.0    416.0  
195 76  -29692.812  500.008
195 77  -31692.812    2.905
195 78  -32812.907    2.950
195 79  -32586.107    3.114
195 80  -31076.107   50.097
195 81# -28274.0    102.0  
195 82# -23780.0    412.0  
195 83# -17930.0    218.0  
195 84# -11136.0    220.0  
195 85#  -3166.0    448.0  
196 76  -28296.936   40.221
196 77  -29454.447   38.524
196 78  -32663.463    2.950
196 79  -31157.705    4.062
196 80  -31843.610    4.127
196 81# -27467.0    133.0  
196 82# -25420.0    140.0  
196 83  -18062.615  692.516
196 84# -13498.0    177.0  
196 85#  -4002.0    229.0  
197 77  -28283.945   20.438
197 78  -30438.579    2.951
197 79  -31157.514    2.953
197 80  -30557.690    4.317
197 81  -28374.871   28.056
197 82# -24796.0    102.0  
197 83  -19620.059  156.805
197 84# -13445.0    193.0  
197 85#  -6251.0    350.0  
198 77# -25821.0    196.0  
198 78  -29923.828    4.208
198 79  -29598.364    2.953
198 80  -30970.754    2.967
198 81  -27510.754   80.055
198 82# -26100.0     93.0  
198 83  -19540.426  139.552
198 84# -15513.0    149.0  
198 85#  -6748.0    427.0  
198 86   -1144.600  202.315
199 78  -27408.605    4.238
199 79  -29110.921    2.957
199 80  -29563.472    2.957
199 81  -28118.802   98.315
199 82  -25235.536   65.139
199 83  -20890.643   89.184
199 84# -15281.0    412.0  
199 85#  -8726.0    223.0  
199 86#  -1575.0    226.0  
200 78  -26619.003   20.438
200 79  -27276.292   51.535
200 80  -29520.410    2.960
200 81  -27064.369    6.453
200 82  -26253.994   13.333
200 83  -20361.768   87.138
200 84# -17014.0    140.0  
200 85   -9041.211  692.515
200 86#  -4029.0    177.0  
201 78  -23744.389   52.285
201 79  -26404.389   15.288
201 80  -27679.286    2.957
201 81  -27196.534   15.292
201 82  -25293.604   31.134
201 83  -21449.833   27.375
201 84# -16572.0    102.0  
201 85  -10721.787  156.797
201 86#  -4159.0    199.0  
201 87#   3712.0    354.0  
202 79  -24416.118  166.436
202 80  -27362.272    2.953
202 81  -25997.853   15.196
202 82  -25948.247    9.865
202 83  -20792.817   50.888
202 84# -17975.0     93.0  
202 85  -10762.133  139.544
202 86#  -6314.0    149.0  
202 87#   3065.0    427.0  
203 79  -23144.598   15.309
203 80  -25283.853    3.192
203 81  -25775.709    2.973
203 82  -24800.660    6.988
203 83  -21547.715   20.119
203 84  -17314.597   64.993
203 85  -12255.554   89.180
203 86#  -6227.0    412.0  
203 87#    976.0    229.0  
204 79# -20907.0    200.0  
204 80  -24707.481    3.062
204 81  -24360.209    2.964
204 82  -25123.905    2.962
204 83  -20686.208   21.645
204 84  -18344.165   13.403
204 85  -11867.357   71.365
204 86#  -8043.0    140.0  
204 87     553.823  692.508
204 88#   6046.0    267.0  
205 80  -22303.897    4.692
205 81  -23835.278    2.981
205 82  -23784.078    2.961
205 83  -21075.707    7.583
205 84  -17544.686   29.416
205 85  -13005.253   27.321
205 86#  -7761.0    114.0  
205 87   -1241.576  148.611
205 88#   5772.0    205.0  
206 80  -20959.487   20.615
206 81  -22267.630    2.996
206 82  -23800.828    2.938
206 83  -20043.320    8.225
206 84  -18196.862    9.949
206 85  -12479.478   50.854
206 86#  -9166.0     93.0  
206 87   -1411.559  139.472
206 88#   3526.0    149.0  
207 80  -16269.474  150.114
207 81  -21044.474    5.843
207 82  -22467.291    2.938
207 83  -20068.487    3.601
207 84  -17159.857    7.005
207 85  -13250.208   19.958
207 86   -8638.698   64.981
207 87   -2929.469   78.878
207 88#   3471.0    415.0  
208 81  -16762.839    2.976
208 82  -21763.783    2.939
208 83  -18884.091    3.541
208 84  -17483.515    3.236
208 85  -12510.163   21.537
208 86   -9658.801   13.507
208 87   -2671.379   50.921
208 88#   1655.0    140.0  
209 81  -13647.999    9.729
209 82  -17628.412    3.196
209 83  -18272.527    3.015
209 84  -16379.936    3.259
209 85  -12893.475    7.839
209 86   -8964.475   29.351
209 87   -3802.961   27.083
209 88#   1811.0    125.0  
209 89    8916.635  156.797
210 81   -9258.328   11.833
210 82  -14742.272    3.048
210 83  -14805.781    3.013
210 84  -15968.457    2.939
210 85  -11987.044    8.286
210 86   -9613.499   10.181
210 87   -3351.291   20.315
210 88#    416.0     93.0  
210 89    8620.552  148.163
211 82  -10496.388    2.923
211 83  -11869.043    5.845
211 84  -12447.897    2.982
211 85  -11661.206    3.830
211 86   -8769.722    7.152
211 87   -4164.913   19.516
211 88     831.959   65.181
211 89    7120.242   93.390
212 82   -7557.086    2.780
212 83   -8130.789    2.976
212 84  -10384.742    2.939
212 85   -8630.246    4.086
212 86   -8673.595    4.165
212 87   -3556.197   21.465
212 88    -202.037   13.623
212 89    7274.732   71.365
212 90#  12032.0    140.0  
213 82#  -3171.0    100.0  
213 83   -5240.605    7.567
213 84   -6666.922    4.049
213 85   -6593.542    5.587
213 86   -5711.941    7.152
213 87   -3563.478    8.028
213 88     319.924   29.567
213 89    6125.150   56.864
213 90#  12074.0    134.0  
214 82    -188.961    2.565
214 83   -1212.227   11.431
214 84   -4483.897    3.048
214 85   -3393.614    5.069
214 86   -4335.144    9.577
214 87    -974.609    9.191
214 88      84.544   10.800
214 89    6424.500   53.969
214 90#  10666.0     94.0  
215 83    1706.999   96.111
215 84    -545.110    2.817
215 85   -1265.750    7.126
215 86   -1183.970    8.135
215 87     304.040    7.560
215 88    2518.852    8.008
215 89    6008.398   53.674
215 90   10922.460   65.491
215 91   17712.353  105.932
216 83#   5774.0    100.0  
216 84    1774.341    2.760
216 85    2243.452    4.199
216 86     240.248    7.781
216 87    2969.848   12.891
216 88    3277.009    9.154
216 89    8111.957   22.961
216 90   10293.543   15.875
216 91   17713.343   87.138
217 84#   5914.0    100.0  
217 85    4386.161    7.559
217 86    3646.609    4.970
217 87    4300.560    7.062
217 88    5873.660    9.574
217 89    8692.961   12.971
217 90   12168.825   30.939
217 91   17037.715   75.720
218 84    8350.627    2.563
218 85    8086.684   11.818
218 86    5203.611    3.556
218 87    7045.557    5.463
218 88    6635.686   11.499
218 89   10827.702   50.838
218 90   12358.468   14.130
218 91   18643.511   73.571
218 92#  21878.0     97.0  
219 85   10522.777   81.507
219 86    8825.925    2.802
219 87    8607.710    7.355
219 88    9371.321   11.634
219 89   11555.451   50.568
219 90   14457.863   50.637
219 91   18517.909   73.355
219 92#  23247.0    210.0  
220 85#  14252.0    100.0  
220 86   10603.925    2.759
220 87   11469.096    4.562
220 88   10259.876   10.327
220 89   13741.859   51.635
220 90   14654.949   22.333
220 91   20365.968   55.020
220 92#  23018.0    300.0  
221 86#  14486.0    100.0  
221 87   13269.226    7.549
221 88   12957.304    7.115
221 89   14508.391   50.496
221 90   16926.290   10.438
221 91   20365.572   51.655
221 92#  24544.0    202.0  
222 86   16365.850    2.545
222 87   16340.802   20.854
222 88   14309.044    4.973
222 89   16599.074   21.087
222 90   17189.682   12.912
222 91#  22050.0    100.0  
222 92#  24283.0    101.0  
223 87   18379.215    2.677
223 88   17230.147    2.794
223 89   17815.897    7.418
223 90   19362.865   12.330
223 91   22322.912   71.114
223 92   25823.674   71.163
224 87   21636.682   47.182
224 88   18817.703    2.757
224 89   20220.911    4.610
224 90   19988.939   12.358
224 91   23861.570   51.828
224 92   25699.684   25.457
225 87   23851.463   10.443
225 88   21985.901    3.213
225 89   21629.288    7.536
225 90   22303.792    7.430
225 91   24325.802   71.062
225 92   27371.010   51.078
225 93   31576.983   71.890
226 87   27295.013   79.659
226 88   23661.387    2.533
226 89   24301.822    3.532
226 90   23185.411    4.990
226 91   26010.793   23.416
226 92   27321.169   19.997
226 93#  32672.0    112.0  
227 87   29657.601   88.965
227 88   27171.370    2.547
227 89   25846.318    2.673
227 90   25801.492    2.791
227 91   26820.761    7.721
227 92   28999.091   18.744
227 93   32564.234   72.556
228 87   33273.090  422.862
228 88   28935.224    2.507
228 89   28889.324    2.661
228 90   26762.735    2.753
228 91   28874.112    5.388
228 92   29217.348   16.011
228 93#  33701.0    196.0  
229 88   32433.671   62.123
229 89   30673.671   47.532
229 90   29578.671    3.054
229 91   29894.799    9.044
229 92   31203.932    8.033
229 93   33763.413   86.890
230 88   34543.302   32.701
230 89   33556.349  100.021
230 90   30856.349    2.050
230 91   32166.151    3.477
230 92   31603.052    5.040
230 93   35213.804   55.212
230 94   36921.008   25.158
231 89   35909.637  100.021
231 90   33809.637    2.055
231 91   33420.127    2.610
231 92   33777.703   50.078
231 93   35614.072   50.593
231 94#  38424.0    102.0  
232 89   39142.881  100.021
232 90   35442.881    2.063
232 91   35938.295    7.923
232 92   34601.191    2.757
232 93#  37299.0    100.0  
232 94   38358.180   18.971
233 90   38727.853    2.076
233 91   37482.615    2.290
233 92   36912.136    2.959
233 93#  38146.0    159.0  
233 94   40045.143   50.641
233 95#  43288.0    218.0  
234 90   40609.815    3.566
234 91   40336.727    4.772
234 92   38139.731    2.008
234 93   39949.578    8.559
234 94   40337.939    7.161
234 95#  44511.0    208.0  
235 90   44250.953   50.041
235 91   42323.215   50.040
235 92   40913.215    2.002
235 93   41036.931    2.177
235 94#  42204.0     74.0  
235 95#  44739.0    206.0  
235 96#  48049.0    224.0  
236 91   45339.781  200.010
236 92   42439.781    1.981
236 93   43379.757   50.464
236 94   42893.171    2.758
236 95#  46173.0    100.0  
236 96#  47883.0    201.0  
237 91   47635.218  100.021
237 92   45385.218    2.032
237 93   44866.654    1.993
237 94   45086.966    2.400
237 95#  46817.0    188.0  
237 96#  49270.0    206.0  
237 97#  53213.0    296.0  
238 91   50764.541   60.034
238 92   47304.541    2.024
238 93   47449.886    2.003
238 94   46157.839    2.014
238 95   48416.189   50.727
238 96   49384.251   36.666
238 97#  54336.0    289.0  
239 92   50569.608    2.035
239 93   49304.425    2.163
239 94   48582.630    2.003
239 95   49385.542    2.825
239 96#  51086.0    100.0  
239 97#  54364.0    287.0  
239 98#  58284.0    231.0  
240 92   52708.369    5.207
240 93   52320.070   15.159
240 94   50120.471    1.979
240 95   51499.424   13.930
240 96   51715.311    2.825
240 97#  55655.0    150.0  
240 98#  58027.0    201.0  
241 93   54255.190   70.738
241 94   52950.190    1.981
241 95   52929.377    1.990
241 96   53696.877    2.324
241 97#  56097.0    200.0  
241 98#  59354.0    255.0  
241 99#  63902.0    333.0  
242 93   57412.110  200.010
242 94   54712.110    2.002
242 95   55463.128    1.993
242 96   54798.307    2.015
242 97#  57798.0    200.0  
242 98   59325.540   36.891
242 99#  64943.0    327.0  
243 93   59918.704   11.228
243 94   57748.942    3.270
243 95   57167.431    2.207
243 96   57176.341    2.239
243 97   58684.728    4.952
243 98#  60901.0    123.0  
243 99#  64861.0    288.0  
243100#  69398.0    237.0  
244 94   59798.821    5.107
244 95   59875.046    2.153
244 96   58446.991    1.980
244 97   60702.635   51.904
244 98   61469.303    3.359
244 99#  66027.0    181.0  
244100#  69052.0    284.0  
245 94   63097.247   14.436
245 95   61892.531    3.300
245 96   60998.567    2.739
245 97   61808.788    2.492
245 98   63377.375    3.088
245 99#  66431.0    200.0  
245100#  70214.0    275.0  
246 94   65388.508   15.275
246 95   64987.973   18.193
246 96   62611.835    2.233
246 97   63961.835   60.042
246 98   64084.818    2.250
246 99#  67965.0    224.0  
246100   70124.274   39.594
247 95#  67227.0    100.0  
247 96   65526.726    4.450
247 97   65481.803    5.541
247 98   66127.803    8.167
247 99#  68603.0     30.0  
247100#  71517.0    132.0  
247101#  76103.0    351.0  
248 95#  70485.0    200.0  
248 96   67385.464    5.109
248 97   68102.591   20.730
248 98   67232.591    5.454
248 99   70293.242   55.743
248100   71896.465   11.812
248101#  77149.0    237.0  
249 96   70743.327    5.118
249 97   69843.386    3.140
249 98   69718.497    2.830
249 99#  71170.0     30.0  
249100#  73610.0    101.0  
249101#  77315.0    283.0  
250 96   72982.289   11.229
250 97   72944.800    4.142
250 98   71165.109    2.242
250 99#  73265.0    100.0  
250100   74066.661   11.962
250101#  78699.0    301.0  
251 96   76640.437   22.821
251 97   75220.437   10.991
251 98   74127.437    4.561
251 99   74503.621    6.127
251100   75977.814    8.409
251101#  79051.0    203.0  
251102#  82827.0    142.0  
252 97#  78527.0    200.0  
252 98   76027.244    5.109
252 99   77287.244   50.260
252100   76810.151    5.820
252101#  80695.0    196.0  
252102   82870.858   13.010
253 97#  80798.0    307.0  
253 98   79292.638    7.155
253 99   79007.456    3.140
253100   79340.308    4.952
253101#  81301.0    205.0  
253102#  84478.0    225.0  
253103#  88732.0    288.0  
254 98   81333.607   12.325
254 99   81987.664    4.661
254100   80897.211    3.026
254101#  83580.0    141.0  
254102   84717.350   17.664
254103#  89870.0    336.0  
255 98#  84781.0    200.0  
255 99   84080.948   11.093
255100   83792.948    4.771
255101   84835.382    7.074
255102   86847.342   12.422
255103#  90090.0    227.0  
255104#  94550.0    174.0  
256 99#  87149.0    100.0  
256100   85479.056    7.204
256101   87608.671   52.823
256102   87816.504    7.975
256103#  92005.0    220.0  
256104   94247.811   26.744
257 99#  89395.0    503.0  
257100   88581.349    7.293
257101   88989.967    3.296
257102   90216.913   30.875
257103#  92732.0    211.0  
257104#  96150.0    270.0  
257105# 100462.0    297.0  
258100#  90459.0    200.0  
258101   91683.772    5.018
258102#  91522.0    200.0  
258103#  94905.0    143.0  
258104#  96392.0    151.0  
258105# 101840.0    344.0  
259100#  93699.0    401.0  
259101#  93616.0    400.0  
259102#  94123.0    101.0  
259103#  95934.0     71.0  
259104#  98380.0     72.0  
259105# 102204.0    298.0  
259106# 106846.0    203.0  
260101#  96596.0    596.0  
260102#  95604.0    200.0  
260103#  98339.0    115.0  
260104#  99241.0    200.0  
260105# 103801.0    231.0  
260106  106595.576   40.541
261101#  98403.0    699.0  
261102#  98496.0    596.0  
261103#  99615.0    400.0  
261104# 101451.0    107.0  
261105# 104426.0    260.0  
261106# 108384.0    281.0  
261107# 113449.0    302.0  
262102# 100201.0    699.0  
262103# 102297.0    596.0  
262104# 102548.0    252.0  
262105# 106535.0    246.0  
262106# 108603.0    252.0  
262107# 114681.0    376.0  
263102# 103200.0    401.0  
263103# 103768.0    596.0  
263104# 104998.0    503.0  
263105# 107393.0    168.0  
263106# 110498.0    133.0  
263107# 114863.0    503.0  
264103# 106498.0    699.0  
264104# 106302.0    596.0  
264105# 109628.0    503.0  
264106# 111099.0    354.0  
264107# 116353.0    503.0  
264108  119820.487  302.727
265103# 108202.0    904.0  
265104# 108798.0    801.0  
265105# 110699.0    699.0  
265106# 113111.0    596.0  
265107# 116819.0    503.0  
265108# 121633.0    299.0  
266104# 110401.0    904.0  
266105# 112990.0    801.0  
266106# 114033.0    699.0  
266107# 118719.0    596.0  
266108# 121700.0    503.0  
266109# 128389.0    349.0  
