H ,  1,
       .9661, .4126, 6.92, 8.331,2.582,
       2.371, .5462, -.07932, -6.853E-3
He,  2,
       2.027, .2931, 26.34, 6.66,.3409,
       2.809, .4847, -.08756, -7.281E-3
Li,  3,
       1.42, .49, 12.25, 32, 9.161,
       3.095, .4434, -.09259, -7.459E-3
Be,  4,
       2.206, .51, 15.32, .25, 8.995, 3.28,
       .4188, -.09564, -7.604E-3
B ,  5,
       3.691, .4128, 18.48, 50.72, 9, 3.426, 
       .4, -.09796, -7.715E-3 
C ,  6,
       4.232, .3877, 22.99, 35., 7.993   , 3.588, 
       .3921, -.09935, -.007804 
N ,  7,
       2.51, .4752, 38.26, 13.02, 1.892,
       3.759, .4094, -.09646, -7.661E-3
O ,  8,
       1.766, .5261, 37.11, 15.24, 2.804,
       3.782, .3734, -.1011, -7.874E-3
F ,  9,
       1.533, .531, 40.44, 18.41, 2.718,
       3.816, .3504, -.1046, -8.074E-3
Ne, 10,
       1.183, .55, 39.83, 17.49, 4.001,
       3.863, .3342, -.1072, -8.231E-3
Na, 11,
       9.894, .3081, 23.65, .384, 92.93,
       3.898, .3191, -.1086, -8.271E-3
Mg, 12,
       4.3, .47, 34.3, 3.3, 12.74        , 3.961, 
       3.961, .314, -.1091, -8.297E-3
Al, 13,
       2.5, .625, 45.7, .1, 4.359        , 4.024, 
       .3113, -.1093, -.008306  
Si, 14,
       2.1, .65, 49.34, 1.788, 4.133     , 4.077, 
       .3074, -.1089, -.008219  
P , 15,
       1.729, .6562, 53.41, 2.405, 3.845 , 4.124, 
       .3023, -.1094, -.00824   
S , 16,
       1.402, .6791, 58.98, 3.528, 3.211 , 4.164, 
       .2964, -.1101, -.008267  
Cl, 17,
       1.117, .7044, 69.69, 3.705, 2.156,
       4.21, .2936, -.1103, -8.27E-3
Ar, 18,
       .9172, .724, 79.44, 3.648, 1.646,
       4.261, .2994, -.1085, -8.145E-3
K , 19,
       8.554, .3817, 83.61, 11.84, 1.875
       4.3, .2903, -.1103, -8.259E-3
Ca, 20,
       6.297, .4622, 65.39, 10.14, 5.036 , 4.344, 
       .2897, -.1102, -.008245  
Sc, 21,
       5.307, .4918, 61.74, 12.4, 6.665,
       4.327, .2707, -.1127, -8.37E-3
Ti, 22,
       4.71, .5087, 65.28, 8.806, 5.948  , 4.34, 
       .2618, -.1138, -.00842    
V , 23,
       6.151, .4524, 83, 18.31, 2.71,
       4.361, .2559, -.1145, -8.447E-3
Cr, 24,
       6.57, .4322, 84.76, 15.53, 2.779,
       4.349, .24, -.1166, -8.55E-3
Mn, 25,
       5.738, .4492, 84.61, 14.18, 3.101 , 4.362, 
       .2327, -.1174, -.008588  
Fe, 26,
       5.013, .4707, 85.58, 16.55, 3.211 , 4.375, 
       .2253, -.1185, -.008648  
Co, 27,
       4.32, .4947, 76.14, 10.85, 5.441  , 4.362, 
       .2069, -.1214, -.008815  
Ni, 28,
       4.652, .4571, 80.73, 22., 4.952   , 4.346, 
       .1857, -.1249, -.009021  
Cu, 29,
       3.114, .5236, 76.67, 7.62, 6.385 ,  4.355, 
       .18, -.1255, -.009045    
Zn, 30,
       3.114, .5236, 76.67, 7.62, 7.502  , 4.389, 
       .1806, -.1253, -.009028  
Ga, 31,
       3.114, .5236, 76.67, 7.62, 8.514,
       4.407, .1759, -.1258, -9.054E-3
Ge, 32,
       5.746, .4662, 79.24, 1.185, 7.993,
       4.419, .1694, -.1267, -9.094E-3
As, 33,
       2.792, .6346, 106.1, .2986, 2.331,
       4.412, .1545, -.1289, -9.202E-3
Se, 34,
       4.667, .5095, 124.3, 2.102, 1.667,
       4.419, .1448, -.1303, -9.269E-3
Br, 35,
       2.44, .6346, 105, .83, 2.851,
       4.436, .1443, -.1299, -9.229E-3
Kr, 36,
       1.491, .7118, 120.6, 1.101, 1.877,
       4.478, .1608, -.1262, -8.983E-3
Rb, 37,
       11.72, .3826, 102.8, 9.231, 4.371,
       4.489, .1517, -.1278, -9.078E-3
Sr, 38,
       7.126, .4804, 119.3, 5.784, 2.454,
       4.514, .1551, -.1268, -9.005E-3
Y , 39,
       11.61, .3955, 146.7, 7.031, 1.423,
       4.533, .1568, -.1261, -8.945E-3
Zr, 40,
       10.99, .41, 163,9, 7.1, 1.052,
       4.548, .1572, -.1256, -8.901E-3
Nb, 41,
       9.241, .4275, 163.1, 7.954, 1.102,
       4.553, .1544, -.1255, -8.883E-3
Mo, 42,
       9.276, .418, 157.1, 8.038, 1.29,
       4.548, .1485, -.1259, -8.889E-3
Tc, 43,
       3.999, .6152, 97.6, 1.297, 5.792,
       4.489, .1128, -.1309, -9.107E-3
Ru, 44,
       4.306, .5658, 97.99, 5.514, 5.754,
       4.402, .06656, -.1375, -9.421E-3
Rh, 45,
       3.615, .6197, 86.26, .333, 8.689,
       4.292, .01012, -.1459, -9.835E-3
Pd, 46,
       5.8, 0.49, 147.2, 6.903, 1.289,
       4.187, -.04539, -.1542, -1.025E-2
Ag, 47,
       5.6, .49, 130., 10., 2.844        , 4.577, 
       .13, -.1285, -.009067    
Cd, 48,
       3.55, .6068, 124.7, 1.112, 3.119,
       4.583, .1253, -.1291, -9.084E-3
In, 49,
       3.6, .62, 105.8, .1692, 6.026,
       4.58, .1174, -.1301, -9.129E-3
Sn, 50,
       5.4, .53, 103.1, 3.931, 7.767,
       4.581, .111, -.1309, -9.161E-3
Sb, 51,
       3.97, .6459, 131.8, .2233, 2.723,
       4.582, .1046, -.1317, -9.193E-3
Te, 52,
       3.65, .64, 126.8, .6834, 3.411,
       4.6, .1052, -.1315, -9.178E-3
I , 53,
       3.118, .6519, 164.9, 1.208, 1.51,
       4.614, .1043, -.1315, -9.175E-3
Xe, 54,
       2.031, .7181, 153.1, 1.362, 1.958,
       4.619, .09769, -.1325, -9.231E-3
Cs, 55,
       14.4, .3923, 152.5, 8.354, 2.597,
       4.671, .1136, -.1298, -9.078E-3
Ba, 56,
       10.99, .4599, 138.4, 4.811, 3.726,
       4.706, .1206, -.1287, -9.009E-3
La, 57,
       16.6, .3773, 224.1, 6.28, .9121,
       4.732, .1244, -.128, -8.968E-3
Ce, 58,
       10.54, .4533, 159.3, 4.832, 2.529,
       4.722, .1156, -.1292, -9.03E-3
Pr, 59,
       10.33, .4502, 162, 5.132, 2.444,
       4.71, .106, -.1305, -9.1E-3
Nd, 60,
       10.15, .4471, 165.6, 5.378, 2.328,
       4.698, .09647, -.1319, -9.169E-3
Pm, 61,
       9.976, .4439, 168, 5.721, 2.258,
       4.681, .08536, -.1355, -9.252E-3
Sm, 62,
      9.804, .4408, 176.2, 5.675, 1.997 , 4.676, 
      .07819, -.1345, -.009302 
Eu, 63,
       14.22, .363, 228.4, 7.024, 1.016,
       4.663, .06867, -.1358, -9.373E-3
Gd, 64,
      9.952, .4318, 233.5, 5.065, .9244 , 4.676, 
      .06861, -.1357, -.009363 
Tb, 65,
       9.272, .4345, 210, 4.911, 1.258,
       4.649, .05362, -.1379, -9.48E-3
Dy, 66,
       10.13, .4146, 225.7, 5.525, 1.055,
       4.634, .04335, -.1394, -9.558E-3
Ho, 67,
       8.949, .4304, 213.3, 5.071, 1.221,
       4.603, .02679, -.1418, -9.69E-3
Er, 68,
       11.94, .3783, 247.2, 6.655, .849,
       4.584, .01494, -.1436, -9.783E-3
Tm, 69,
       8.472, .4405, 195.5, 4.051, 1.604,
       4.576, 7.043E-3, -.1447, -9.841E-3
Yb, 70,
       8.301, .4399, 203.7, 3.667, 1.459,
       4.571, 7.046E-4, -.1456, -9.886E-3
Lu, 71,
       6.567, .4858, 193, 2.65, 1.66,
       4.566, -5.626E-3, -.1464, -9.93E-3
Hf, 72,
       5.951, .5016, 196.1, 2.662, 1.589,
       4.561, -.01197, -.1473, -9.975E-3
Ta, 73,
      7.495, .4523, 251.4, 3.433, .8619 , 4.572, 
      -.012, -.1472, -.009965  
W , 74,
      6.335, .4825, 255.1, 2.834, .8228 , 4.569, 
      -.01755, -.148, -.01
Re, 75,
       4.314, .5558, 214.8, 2.354, 1.263,
       4.573, -.01992, -.1482, -.01001
Os, 76,
       4.02, .5681, 219.9, 2.402, 1.191,
       4.57, -.02547, -.149, -.01005
Ir, 77,
       3.836, .5765, 210.2, 2.742, 1.305,
       4.528, -.04613, -.1521, -.01022
Pt, 78,
      4.68, .5247, 244.7, 2.749, .8962  , 4.494, 
      -.0637, -.1548, -.01037  
Au, 79,
      3.223, .5883, 232.7, 2.954, 1.05  , 4.564, 
      -.027, -.1471, -.009852
Hg, 80,
       2.892, .6204, 208.6, 2.415, 1.416,
       4.546, -.04963, -.1523, -.01022
Tl, 81,
       4.728, .5522, 217, 3.091, 1.386,
       4.594, -.03339, -.1496, -.01006
Pb, 82,
      6.18, .52, 170., 4., 3.224        , 4.608, 
      -.02886, -.1485, -.00999 
Bi, 83,
      9., .47, 198., 3.8, 2.032         , 4.624, 
      -.02639, -.1481, -.009971
Po, 84,
       2.324, .6997, 216, 1.599, 1.399,
       4.636, -.02422, -.1477, -9.939E-3
At, 85,
       1.961, .7286, 223, 1.621, 1.296,
       4.648, -.02172, -.1471, -9.903E-3
Rn, 86,
       1.75, .7427, 350.1, .9789, .5507,
       4.662, -.1192, -.1752, -.01196
Fr, 87,
       10.31, .4613, 261.2, 4.738, .9899,
       4.69, -9.867E-3, -.1449 -9.771E-3
Ra, 88,
       7.962, .519, 235.7, 4.347, 1.313,
       4.715, -2.113E-3, -.1435, -9.689E-3
Ac, 89,
       6.227, .5645, 231.9, 3.961, 1.379,
       4.729, 1.392E-3, -.1428, -9.644E-3
Th, 90,
       5.246, .5947, 228.6, 4.027, 1.432,
       4.729, -5.983E-4, -.143, -9.647E-3
Pa, 91,
       5.408, .5811, 235.7, 3.961, 1.358,
       4.738, 1.075E-3, -.1425, -9.618E-3
U , 92,
       5.218, .5828, 245, 3.838, 1.25,
       4.751, 4.244E-3, -.1419, -9.576E-3

Tabella dei coefficienti per lo stopping dei protoni,
dedotta dal libro di Ziegler (tabella 2). Gli ultimi due dati servono
per cambiare le unita` di misura dello stopping power.
H ,  1,
       1.262, 1.44, 242.6, 1.2E4, .1159, 5.099E-4, 5.436E4, 
      -5.052, 2.049, -.3044, .011966, -4.659E-4         ,
       4.272, 597.7
He,  2,
       1.229, 1.397, 484.5, 5873, 5.225E-2, 1.02E-3, 2.451E4,
      -2.158, .8278, -.1172, .007259, -1.66E-4         ,
       1.894, 150.5 
Li,  3,
       1.411, 1.6, 725.6, 3013, 4.578E-2, 1.53E-3, 2.147E-4,
       -.5831, .562, -.1183, 9.298E-3, 2.498E-4         ,
       4.598, 86.83
Be,  4,
       2.248, 2.59, 966, 153.8, .03475, 2.039E-3,
       1.63E4, .2779, .1745, -.05684, .005155, -1.488E-4,
       12.05, 66.85
B ,  5,
       2.474, 2.815, 1206, 1060,.02855, 2.549E-3,
       1.34E4, -2.445, 1.283, -.2205, .0156, -3.93E-4,
       13.09, 55.73
C ,  6,
       2.631, 2.989, 1445, 957.2, .02819, 3.058E-3, 
       1.322E4, -4.38, 2.044, -.3283, .02221, -5.417E-4,
       11.36, 50.16
N ,  7,
       2.954, 3.35, 1683, 1.9E3, 2.513E-2, 3.569E-3, 1.179E4,
       -5.054, 2.325, -.3713, .02506, -6.109E-4,
       3.482, 43.02 
O ,  8,
       2.652, 3, 1920, 2000, .0223, 4.079E-3, 1.046E4,
      -6.734, 3.019, -.4748, .03171, -7.669E-4,
       4.302, 37.66
F ,  9,
       2.085, 2.352, 2157, 2634, 1.816E-2, 4.589E-3, 8517,
       -5.571, 2.449, -.3781, .02483, -.5919,
       3.522, 31.71
Ne, 10,
       1.951, 2.199, 2393, 2699, 1.568E-2, 5.099E-3, 7353,
       -4.408, 1.879, -.2814, 1.796E-2, -4.168E-4,
       3.585, 29.85
Na, 11, 
       2.542, 2.869, 2628, 1854, 1.472E-2, 5.609E-3, 6905,
       -4.959, 2.073, -0.3054, 1.921E-2, -4.403E-4,
       2.541, 26.21
Mg ,12,
       3.792, 4.293, 2862, 1009, .01397, .006118, 6551,
       -5.51, 2.266, -.3295, .02047, -4.637E-4,
       4.302, 24.78
Al ,13,
       4.154, 4.739, 2766, 164.5, .022023, 6.628E-3, 6309,
       -6.061, 2.46, -.3535, .02173, -4.871E-4,
       6.023, 22.33
Si ,14,
       4.15, 4.7, 3329, 550, .01321, .007138, 6194,
       -6.294, 2.538, -.3628, .0222, -4.956E-4,
       4.978, 21.45
P  ,15,
       3.232, 3.647, 3561, 1560, .01267, .007648, 5942,
       -6.527, 2.616, -.3721, .02267, -5.04E-4,
       3.543, 19.45
S  ,16,
       3.447, 3.891, 3792, 1219, .01211, .008158, 5678,
       -6.761, 2.694, -.3814, .02314, -5.125E-4,
       3.886, 18.79
Cl ,17,
       5.047, 5.714, 4023, 878.6, .01178, .008668, 5524,
       -6.994, 2.773, -.3907, .02361, -5.2094E-4,
       3.221, 16.99
Ar ,18,
       5.731, 6.5, 4253, 530, .01123, .009178, 5268,
       -7.227, 2.851, -.4, .02407, -5.294E-4,
       2.489, 15.08
K  ,19,
       5.151, 5.833, 4482, 545.7, .01129, .009687, 5295,
       -7.44, 2.923, -.4094, .02462, -5.411E-4
       1.33, 15.41
Ca ,20,
       5.521, 6.252, 4710, 553.3, .01112, .0102, 5214,
       -7.653, 2.995, -.4187, .02516, -5.529E-4,
       2.014, 15.03
Sc ,21,
       5.201, 5.884, 4938, 560.9, 9.995E-3, .01071, 4688,
       -8.012, 3.123, -.435, .02605, -5.707E-4,
       4.015, 13.4
Ti ,22,
       4.862, 5.496, 5165, 568.5, 9.474E-3, .01122, 4443,
       -8.371, 3.251, -.4513, .02694, -5.886E-4,
       5.682, 12.58
V  ,23,
       4.48, 5.055, 5391, 952.3, 9.117E-3, .01173, 4276,
       -8.731, 3.379, -.4676, .02783, -6.064E-4,
       7.213, 11.83
Cr ,24, 
       3.983, 4.489, 5616, 1336, 8.413E-3, .01224, 3946,
       -9.09, 3.507, -.4838, .02872, -6.243E-4,
       8.331, 11.59
Mn ,25,
       3.469, 3.907, 5725, 1461, 8.829E-3, 1.275E-2, 3785,
       -9.449, 3.635, -.5001, .02961, 6.421E-4,
       8.15, 10.97
Fe ,26,
       3.519, 3.963, 6065, 1243, 7.782E-3, 1.326E-2, 3650 ,
      -9.809, 3.763, -.5164, .0305, -6.6E-4,
       8.483, 10.79
Co ,27,
       3.14, 3.535, 6288, 1372, 7.361E-3, 1.377E-2, 3453,
       -10.17, 3.891, -.5327, .03139, -6.779E-4,
       8.99, 10.22
Ni ,28,
       3.553, 4.004, 6205, 555.1, 8.763E-3, 1.428E-2, 3297,
       -10.53, 4.019, -.549, .03229, -6.957E-4,
       9.126, 10.26
Cu ,29,
       3.696, 4.175, 4673, 387.8, 2.188E-2, 1.479E-2, 3174,
       -11.18, 4.252, -.5791, .03399, -7.314E-4,
       8.483, 9.482
Zn ,30,
       4.21, 4.75, 6953, 295.2, 6.809E-3, 1.53E-2, 3194,
       -11.57, 4.394, -.598, .03506, -7.537E-4,
       6.547, 9.217
Ga ,31,
       5.041, 5.697, 7173, 202.6, 6.725E-3, .01581, 3154,
       -11.95, 4.537, -.6169, .03613, -7.759E-4,
       5.104, 8.642
Ge ,32,
       5.554, 6.3, 6496, 110, 9.689E-3, .01632, 3097,
       -12.34, 4.68, -.6358, .03721, -7.981E-4,
       4.429, 8.3
As ,33,
       5.323, 6.012, 7611, 292.5, 6.447E-3, .01683, 3024,
       -12.72, 4.823, -.6547, .03828, -8.203E-4,
       4.598, 8.042
Se ,34,
       5.874, 6.656, 7395, 117.5, 7.684E-3, .01734, 3006,
       -1311, 4.965, -.6735, .03935, -8.425E-4,
       3.65, 7.63
Br ,35,
       5.611, 6.335, 8046, 365.2, 6.244E-3, .01785, 2928,
       -13.4, 5.083, -.6906, .04042, -8.675E-4,
       2.563, 7.54
Kr ,36,
       6.411, 7.25, 8262, 220, 6.087E-3, .01836, 2855,
       -13.69, 5.2, -.7076, .0415, -8.925E-4,
       1.87, 7.19
Rb ,37,
       5.694, 6.429, 8478, 292.9, 6.087E-3, .01886, 2855,
       -13.92, 5.266, -.714, .04173, -8.943E-4,
       1.077, 7.049
Sr ,38,
       6.339, 7.159, 8693, 330.3, 6.003E-3, .01937, 2815,
       -14.14, 5.331, -.7205, .04196, -8.962E-4,
       1.787, 6.876
Y  ,39,
       6.407, 7.234, 8907, 367.8, 5.889E-3, .01988, 2762,
       -14.36, 5.397, -.7269, .04219, -8.98E-4,
       3.042, 6.777
Zr ,40,
       6.734, 7.603, 9120, 405.2, 5,765E-3, .02939, 2704,
       -14.59, 5.463, -.7333, .04242, -8.998E-4,
       4.272, 6.605
Nb ,41,
       6.902, 7.791, 9333, 442.7, 5.587E-3, .0209, 2621,
       -16.22, 6.094, -.8225, .04791, -1.024E-3,
       5.577, 6.485
Mo ,42,
       6.425, 7.248, 9545, 480.2, 5.367E-3, .02141, 2517,
       -17.85, 6.725, -.9116, .05339, -1.148E-3,
       6.407, 6.28
Tc ,43,
       6.799, 7.671, 9756, 517.6, 5.315E-3, .02192, 2493,
       -17.96, 6.752, -.9135, .05341, -1.147E-3,
       6.8, 6.086
Ru ,44,
       6.108, 6.887, 9966, 555.1, 5.151E-3, .02243, 2416,
       -18.07, 6.779, -.9154, .05342, -1.145E-3,
       7.257, 5.961
Rh ,45,
       5.924, 6.677, 1.018E4, 592.5, 4.919E-3, .02294, 2307,
       -18.18, 6.806, -.9173, .05343, -1.143E-3,
       7.257, 5.855
Pd ,46,
       5.238, 5.9, 1.038E4, 630, 4.758E-3, 2.345E-2, 2231,
       -18.28, 6.833, -.9192, .05345, -1.142E-3,
       6.767, 5.663
Ag ,47,
       5.623, 6.354, 7160, 337.6, 1.394E-2, 2.396E-2, 2193,
       -18.39, 6.86, -.9211, .05346, -1.14E-3,
       5.848, 5.587
Cd ,48,
       5.814, 6.554, 1.08E4, 355.5, 4.626E-3, .02447, 2170,
       -18.62, 6.915, -.9243, .0534, -1.134E-3,
       4.598, 5.36
In ,49,
       6.23, 7.024, 1.101E4, 370.9, 4.54E-3, .02498, 2129,
       -18.85, 6.969, -.9275, .05335, -1.127E-3,
       3.383, 5.247
Sn ,50,
       6.41, 7.227, 1.121E4, 386.4, 4.474E-3, .02549, 2099,
       -19.07, 7.024, -.9308, .05329, -1.121E-3,
       3.695, 5.076
Sb ,51,
       7.5, 8.48, 8608, 348, 9.074E-3, .026, 2069,
       -19.57, 7.225, -.9603, .05518, -1.165E-3,
       3.273, 4.949
Te ,52,
       6.979, 7.871, 1.162E4, 392.4, 4.402E-3, .02651, 2065,
       -20.07, 7.426, -.9899, .05707, -1.209E-3,
       2.938, 4.722
I  ,53,
       7.725, 8.716, 1.183E4, 394.8, 4.376E-3, .02702, 2052,
       -20.56, 7.627, -1.019, .05896, -1.254E-3,
       2.344, 4.748
Xe ,54,
       8.231, 9.289, 1.203E4, 397.3, 4.384E-3, .02753, 2056,
       -21.06, 7.828, -1.049, .06085, -1.298E-3,
       1.404, 4.589
Cs ,55,
       7.287, 8.218, 1.223E4, 399.7, 4.447E-3, .02804, 2086,
       -20.4, 7.54, -1.004, .05782, -1.224E-3,
       .8604, 4.533
Ba ,56,
       7.899, 8.911, 1.243E4, 402.1, 4.511E-3, 2.855E-2, 2116,
       -19.74, 7.252, -.9588, .05479, -1.151E-3,
       1.544, 4.387
La ,57,
       8.041, 9.071, 1.263E4, 404.5, 4.54E-3, .02906, 2129,
       -19.08, 6.964, -.9136, .05176, -1.077E-3,
       2.677, 4.337
Ce ,58,
       7.489, 8.444, 1.283E4, 406.9, 4.42E-3, .02957, 2073,
       -18.43, 6.677, -.8684, .04872, -1.003E-3,
       2.868, 4.3
Pr ,59,
       7.291, 8.219, 1.303E4, 409.3, 4.298E-3, .03008, 2016,
       -17.77, 6.389, -.8233, .04569, -9.292E-4,
       2.896, 4.276
Nd ,60,
       7.098, 8, 1.323E4, 411.8, 4.182E-3, .03059, 1962,
       -17.11, 6.101, -.7781, .04266, -8.553E-4,
       2.924, 4.177
Pm ,61,
       6.91, 7.786, 1.343E4, 414.2, 4.058E-3, .0311, 1903,
       -16.45, 5.813, -.733, .03963, -7.815E-4,
       3., 4.099
Sm ,62,
       6.728, 7.58, 1.362E4, 416.6, 3.976E-3, 3.161E-2, 1865,
       -15.79, 5.526, -.6878, .0366, -7.077E-4,
       3.027, 4.007
Eu ,63,
       6.551, 7.38, 1.382E4, 419, 3.877E-3, 3.212E-2, 1819,
       -15.13, 5.238, -.6426, .03357, -6.339E-4,
       2.084, 3.965
Gd ,64,
       6.739, 7.592, 1.402E4, 421.4, 3.863E-3, 3.263E-2, 1812,
       -14.47, 4.95, -.5975, .03053, -5.601E-4,
       3.027, 3.831
Tb ,65,
       6.212, 6.996, 1.421E4, 423.9, 3.725E-3, 3.314E-2, 1747,
       -14.56, 4.984, -.6022, .03082, -5.668E-4,
       3.137, 3.791
Dy ,66,
       5.517, 6.21, 1.44E4, 426.3, 3.623E-3, 3.365E-2, 1703,
       -14.65, 5.018, -.6069, .03111,-5.734E-4,
       3.17, 3.708
Ho ,67,
       5.219, 5.874, 1.46E4, 428.7, 3.498E-3, 3.416E-2, 1640,
       -14.74, 5.051, -.6117, .03141, -5.801E-4,
       3.221, 3.653
Er ,68,
       5.071, 5.706, 1.479E4, 433, 3.405E-3, .03467, 1597,
       -14.83, 5.085, -.6164, .0317, -5.867E-4,
       3.273, 3.602
Tm ,69,
       4.926, 5.542, 1.498E4, 433.5, 3.342E-3, .03518, 1567,
       -14.91, 5.119, -.6211, .03199, -5.933E-4,
       3.328, 3.567
Yb ,70,
       4.787, 5.386, 1.517E4, 435.9, 3.292E-3, .03569, 1544,
       -15, 5.123, -.6258, .03228, -6E-4,
       2.429, 3.482
Lu ,71,
       4.893, 5.505, 1.536E4, 438.4, 3.243E-3, .0362, 1521,
       -15.09, 5.186, -.6305, .03257, -6.066E-4,
       3.384, 3.443
Hf ,72,
       5.028, 5.657, 1.555E4, 440.8, 3.195E-3, .03671, 1499,
       -15.18, 5.22, -.6353, .03286, -6.133E-4,
       4.429, 3.376
Ta ,73,
       4.738, 5.329, 1.574E4, 443.2, 3.186E-3, 3.722E-2, 1494,
       -15.27, 5.254, -.64, .03315, -6.199E-4,
       5.526, 3.33
W  ,74,
       4.574, 5.144, 1.593E4, 442.4, 3.144E-3, 3.773E-2, 1475,
       -15.67, 5.392, -.6577, .03418, -6.426E-4,
       6.32, 3.277
Re ,75,
       5.2, 5.851, 1.612, 441.6, 3.122E-3, .03824, 1464,
       -16.07, 5.529, -.6755, .03521, -6.654E-4,
       6.806 3.236
Os ,76,
       5.07, 5.704, 1.63E4, 440.9, 3.082E-3, .03875, 1446,
       -16.47, 5.667, -.6932, .03624, -6.881E-4,
       7.145, 3.168
Ir ,77,
       4.945, 5.563, 1.649E4, 440.1, 2.965E-3, .03926, 1390,
       -16.88, 5.804, -.711, .03727, -7.109E-4,
       7.053, 3.135
Pt ,78,
       4.476, 5.034, 1.667E4, 439.3, 2.871E-3, 3.977E-2, 1347,
       -17.28, 5.942, -.7287, .0383, -7.336E-4, 
       6.619, 3.088
Au ,79,
       4.856, 5.46, 1.823E4, 438.5, 2.542E-3, 4.028E-2, 1354,
       -17.02, 5.846, -.7149, .0374, -7.114E-4,
       5.905, 3.059
Hg ,80,
       4.308, 4.843, 1.704E4, 487.8, 2.882E-3, .04079, 1352,
       -17.84, 6.183, -.7659, .04076, -7.925E-4,
       4.07, 3.004
Tl ,81,
       4.723, 5.311, 1.722E4, 537, 2.913E-3, .0413, 1366,
       -18.66, 6.52, -.8169, .04411, -8.737E-4,
       3.502, 2.948
Pb ,82,
       5.319, 5.982, 1.74E4, 586.3, 2.871E-3, 4.181E-2, 1347,
       -19.48, 6.857, -.8678, .04747, -9.548E-4,
       3.291, 2.908
Bi ,83,
       5.956, 6.7, 1.78E4, 677, 2.66E-3, 4.232E-2, 1336,
       -19.55, 6.871, -.8686, .04748, -9.544E-4,
       2.828, 2.883
Po ,84,
       6.159, 6.928, 1.777E4, 586.3, 2.812E-3, .04283, 1319,
       -19.62, 6.884, -.8694, .04748, -9.54E-4,
       2.653, 2.869
At ,85,
       6.204, 6.979, 1.759E4, 586.3, 2.776E-3, .0434, 1302,
       -19.69, 6.898, -.8702, .04749, -9.536E-4,
       2.2, 2.869
Rn ,86,
       6.181, 6.954, 1.812E4, 586.3, 2.748E-3, .04385, 1289,
       -19.76, 6.912, -.871, .04749, -9.532E-4,
       1.9, 2.714
Fr ,87,
       6.949, 7.82, 1.83E4, 586.3, 2.737E-3, .04436, 1284,
       -19.83, 6.926, -.8718, .0475, -9.528E-4,
       1.6, 2.702
Ra ,88,
       7.506, 8.448, 1.848E4, 586.3, 2.727E-3, .04487, 1279,
       -19.9, 6.94, -.8726, .04751, -9.524E-4,
       1.338, 2.666
Ac ,89,
       7.649, 8.609, 1.866E4, 586.3, 2.6973-3, .04538, 1265,
       -19.97, 6.953, -.8733, .04751, -9.52E-4,
       2., 2.654
Th ,90,
       7.71, 8.679, 1.883E4, 586.3, 2.641E-3, .04589, 1239,
       -20.04, 6.967, -.8741, .04752, -9.516E-4,
       3.027, 2.597
Pa ,91,
       7.407, 8.336, 1.901E4, 586.3, 2.603E-3, .0464, 1221,
       -20.11, 6.971, -.8749, .04752, -9.512E-4,
       4.015, 2.608
U  ,92,
       7.29, 8.204, 1.918E4, 586.3, 2.573E-3, .04691, 1207,
       -20.18, 6.995, -.8757, .04753, -9.508E-4,
       4.818, 2.531
